15886
94820
75369
66624
51124
77531
17212
34506
82147
82546
59079
5473
82567
66697
1075
35297
55938
57305
38822
50924
50276
90133
86228
54643
33746
56483
9142
82051
84777
39313
36787
31630
59037
10357
40730
89045
48090
90534
3602
43216
14283
52944
50953
83290
19448
79416
17832
30747
84778
40077
74024
34739
2986
97287
4957
1184
56264
94591
19216
62285
34168
18953
83883
53015
76118
25234
96142
83324
12330
6227
91134
27362
61862
38895
62397
79810
66093
943
45237
26223
65486
86775
35885
28903
30765
4485
46910
59093
92387
8389
65951
863
1116
6388
83389
75059
45438
67087
33287
67593
96297
88951
23557
46965
68634
95235
67176
83565
67209
60066
81020
80401
70867
73100
93019
91611
10802
33923
48891
18756
41191
78539
97767
9551
51002
95075
2508
30199
61497
80672
2761
80497
86908
4709
11946
20285
63817
51136
84366
90415
8882
39491
20131
90452
84572
57918
45780
57923
29627
38326
29625
61025
36185
88900
62988
81393
3510
68844
79740
72438
44650
50520
59450
11238
75685
78961
53489
97742
80279
30074
86995
40316
15339
25833
99470
84781
82094
75682
88797
18611
84398
96561
7354
11361
30845
74084
86066
39447
49013
60099
15089
53733
99957
58637
61308
4510
75690
38160
32414
93691
73705
47524
32250
59080
75128
18725
72799
58447
48204
20332
79578
28447
18221
27433
15780
64888
83094
46462
34396
12374
38233
89018
30544
59256
75839
20945
26901
49420
92461
91317
88278
27321
78914
99284
34952
41288
60541
10093
72124
20143
17947
78863
75150
83867
31358
83601
45691
51226
20809
2952
55919
3843
99591
23688
71580
96194
73804
77017
66471
39524
61875
78965
31804
90587
97991
78460
50017
19950
78334
55253
70312
14561
17598
36257
3710
30076
59171
98269
35873
99162
6265
47732
38127
3249
91460
57694
46233
92376
56095
73018
86230
69690
21889
13091
62676
54198
12987
97553
49129
59088
93566
30511
30184
43736
14714
81013
8079
86581
11490
30242
71484
12173
28779
74615
21504
8500
34930
41362
5196
32078
73597
65222
47944
2178
2138
84468
67586
69822
26659
90152
18980
18593
88515
49906
52958
25417
84499
34878
22274
2170
78717
76211
15343
90951
83714
65349
18021
71872
97847
10328
92184
34360
73417
18642
89151
71441
257
10010
36587
28582
80611
3251
71957
42005
9168
84783
64112
35944
85260
44818
68958
64799
30170
30469
81279
68667
26851
33106
51363
25225
92053
40707
51681
17641
41192
57042
94912
23546
37692
14828
28882
12003
50526
32711
96641
96449
28553
26172
80354
57448
15593
70243
61062
86200
81051
99275
54862
9598
49713
98258
51263
81123
21906
79591
25195
75989
63325
26297
15727
59728
22349
70651
53148
17481
568
32984
20748
24791
36018
66349
17782
42270
98896
81543
18621
77881
18950
58873
76322
2243
79313
40153
53210
58595
78704
36728
3003
56114
81805
74557
36976
1993
74394
52606
31883
45388
16759
6458
77402
95245
88623
74133
93746
81694
65954
33744
42632
34551
97086
19108
83423
34048
33446
34011
68635
3035
71925
37068
66292
29714
25563
13041
41702
40824
40646
19654
33125
40575
50460
30592
69390
63189
55781
3848
55417
73659
46629
40787
38699
74341
38023
48927
18407
93319
16757
29228
27748
83585
22723
65300
66554
84777
81580
95528
28694
43314
88469
95145
98765
62806
88013
31968
38638
50565
62486
83546
2063
98570
79741
19268
61225
55638
71428
89247
80448
87340
70466
29151
43802
64520
6816
22214
62674
43053
75236
23768
89316
23273
55562
71034
25768
62535
14126
14476
29884
68304
56615
85953
15801
57599
28269
20215
43880
81536
47707
93111
87437
2148
82991
14154
78945
5060
97999
5749
62558
49296
77830
60883
21396
39059
13835
32334
76697
87492
21538
36314
77820
72683
40220
78670
71578
2733
31002
44800
48714
48183
20271
40635
38003
45795
50467
62399
4445
84138
26451
56694
36932
17510
50390
32334
3753
38914
21883
66872
26788
72609
61614
73820
39380
32008
61369
40759
70102
12969
26791
97138
66964
15341
52740
61120
95444
35165
67328
84980
75090
2636
33906
74364
74152
32612
53017
53118
89545
81196
38718
80813
74925
48180
22965
81288
65830
12765
84451
91279
51890
64135
47961
92099
25929
69911
11134
46297
24726
31685
17739
73211
97955
94240
67503
49755
37997
12862
88627
95349
62134
53060
97176
3264
54681
49583
3836
57744
18136
88668
39260
18795
83313
75674
86323
45477
27407
44362
99233
90875
35037
35056
26023
42057
885
64697
62958
70568
52022
54760
12231
27368
9781
14975
36685
21797
43850
72294
30758
58761
74955
87419
30313
88254
7415
18359
28346
37422
43144
30009
44337
36793
55275
96945
79000
5842
77100
86859
21139
38039
34058
26133
25561
46059
91785
60047
59233
63665
10535
17774
65304
80647
14726
96845
92239
48829
15784
82609
62929
92816
58201
92376
26194
32200
18886
72573
56387
31850
78571
93322
90305
12250
75498
25338
35343
64337
96408
13641
84952
56983
2993
82747
95478
58846
92268
86726
89040
53722
19785
24094
91037
33024
5926
34235
74568
90362
96081
59560
96620
91621
89304
75786
54334
30887
5340
86763
15146
89968
21060
67938
92534
52076
45230
37473
46019
18594
5824
10139
75793
46348
75549
71824
9826
79187
83539
93430
6199
97894
53648
60197
92758
57431
76309
61887
99565
58354
29827
52443
63600
10491
40498
54893
41023
90083
60001
67539
7939
8966
89447
87774
87863
91172
59272
93403
80387
10523
41091
35549
1475
41149
60264
43561
52742
49299
38727
84286
32914
26574
26019
8223
84421
87717
37542
3198
98455
49968
79310
51814
86971
23776
83237
51653
8900
74713
10734
8308
2692
55949
20219
52453
53200
47350
53980
85768
57023
39759
87474
94522
64145
35087
25441
69674
42669
5508
50723
2825
66338
91848
49626
36622
18415
194
92446
57347
82718
12828
29012
41967
43338
24348
48031
2817
33058
76578
38864
73589
84326
43741
84665
50887
53870
64842
35296
28785
79306
45354
17167
2626
25444
76830
42824
68094
55618
28130
77269
73836
87591
80995
87357
93280
1305
86398
64435
9477
5021
28503
25577
18918
45470
68115
66402
34713
11245
82098
18948
37832
34691
31596
85228
62686
95681
54247
76316
64139
39320
49906
27727
5396
72677
34529
80141
10234
77460
44102
88250
64197
67141
20104
19337
7660
40044
60803
59919
57028
75634
86844
26546
3075
12122
88094
87775
10799
51870
70678
38906
97416
55094
85159
87472
9359
53082
66251
90857
62610
65728
68232
16762
91125
91231
72458
35478
70174
2900
37794
47620
46460
75009
38747
72332
13749
19507
64532
1580
35467
69949
15551
95015
3467
57184
86294
66460
13202
54476
6932
61364
55483
64352
23479
29461
17673
78349
88656
93204
73550
89849
40548
78311
7382
8575
60323
25624
66419
14611
74178
67350
13829
8963
39479
41798
28773
65977
46193
96886
74671
63518
94001
78418
7114
76121
77864
94416
67606
22868
91727
22469
2736
20479
91421
56123
59300
18702
32105
83066
57328
64893
99388
63170
63537
94548
89041
95579
56813
60806
38381
79876
12316
46067
1269
77800
65747
26798
85392
76942
65326
45176
49914
49071
76090
90987
61249
62179
66620
38035
48672
89140
86465
43638
28694
71284
76739
54549
1730
33067
74037
48266
27677
93672
42572
20273
53268
20440
94570
74404
16481
32661
27783
67550
33029
58261
86238
66145
49412
3012
13169
11442
3165
85132
62330
36898
59748
30992
12592
1416
97213
41752
46546
93162
27767
41639
3603
64731
49667
15080
59106
36702
30832
41223
32980
75016
36037
71164
8080
53860
79834
57122
16151
22064
12531
8229
69359
76036
15609
88666
20938
21459
63351
10632
69399
8617
80206
94468
38533
97877
8885
47516
15471
58593
96177
53353
94345
82908
68301
65127
15750
7928
91222
19360
90531
45039
54902
86372
3347
60960
47019
60917
8167
78168
40418
97407
93913
39628
31285
55845
45302
76099
38143
56374
88487
14064
84056
29503
11706
91292
28306
25114
99410
17154
92302
35907
79879
39924
84187
65003
18586
90716
78828
33254
52474
84028
47253
83168
94892
74967
79394
40556
22395
63080
39060
99132
63228
66288
95129
59116
42588
15278
72967
37145
23720
20774
78580
28272
34308
69365
78624
8410
23129
26065
4593
24823
73828
40193
23694
48548
19821
34695
88638
95655
48682
23336
48305
84675
44036
75976
71510
53889
16660
78080
31017
20733
24711
48702
36808
73707
80705
63833
76263
50277
3453
56046
79834
63090
62802
30301
19056
66708
25714
4026
30335
75565
28364
62096
10586
38095
10833
18264
27359
22815
58612
56882
81420
8101
98858
45854
53266
49907
90192
97562
84194
15088
58540
16344
81252
31775
20748
17018
47111
25361
35883
18925
17907
44675
42834
32735
8857
51989
83131
80223
50860
5609
83728
84208
91049
23476
55058
37129
42033
24068
51894
17548
77303
42926
74473
12577
53237
69491
83797
31054
66265
49486
69691
36053
90013
75485
96480
30250
5396
85545
90277
59663
44384
70003
62286
68079
32097
67869
6116
79571
97576
77587
98389
51076
22281
99380
25273
84766
4079
23905
29328
8172
31177
59520
55207
53702
90370
64013
39802
6884
53359
18526
69043
54718
90977
28177
29264
21218
37050
67093
74691
26064
59772
41010
7923
15381
7453
45462
85055
13378
24759
37980
41379
55849
77723
39515
84467
78676
47910
90056
90372
81922
56748
9321
14410
90590
75825
51672
62652
32829
98807
23920
46740
68852
28945
84502
99698
84724
99157
75527
52896
62307
93840
25562
70001
20024
37268
17874
16898
94803
47693
45955
74402
25078
42321
24606
83150
37796
77333
54106
61205
7605
67260
70081
44026
71955
9866
78548
84216
71156
82871
17852
19648
64116
10304
98254
15709
42830
38423
2490
5433
81814
96026
59345
70360
11927
21729
84336
20962
45476
42577
86669
1855
1213
73454
29117
6586
92160
749
37791
24936
95401
65479
66729
7202
78696
12489
47053
42477
4062
3528
95751
72667
84915
74450
80646
38602
87510
192
47540
54987
97010
1544
85060
94685
77738
68431
44471
94264
36081
64028
16875
18501
71432
25799
13697
35242
25013
74032
93513
28388
68092
65324
63948
38637
36605
73465
1014
73181
14569
10003
27902
97292
33538
82112
275
66613
94415
53189
65604
65495
93209
93084
5772
53589
30212
13693
61241
45981
37197
69561
12024
83206
85597
63877
2910
2418
92711
31475
35029
54131
84676
54077
66497
97386
32488
43675
56942
44522
41024
43444
54072
91515
52203
73328
97239
24795
91730
11884
80901
1662
44677
51975
19724
83478
31540
78169
7089
8047
57158
86180
99255
21937
28442
43522
70802
52872
19416
82590
68457
81568
8466
21727
27495
64169
76828
10302
17278
88666
27141
62712
75864
11122
74769
97599
90363
25498
63381
70636
36760
29671
37295
63887
55537
52475
70399
77959
76261
20075
53093
88972
26841
3067
44696
93482
41732
22789
83360
66600
95031
7480
32722
41254
67847
27229
64838
30214
33912
97685
52021
4736
37736
59263
51476
32217
1110
72374
70376
85263
37645
82806
58373
20587
82096
40831
5255
81433
10948
74674
92108
82163
13908
38936
30412
11609
72101
40674
27734
98493
120
99755
63784
86171
91893
11674
70986
25318
56153
56612
5768
89598
95807
90286
19722
51997
98180
7216
25746
36528
13050
34644
82290
87043
82027
93470
61927
27669
65896
26406
95989
77611
17005
68736
82433
95360
5746
34141
45029
63290
14513
31946
91251
87928
76110
65782
51466
35143
31176
41266
72558
41876
22331
41840
70087
83068
4015
72078
42168
33407
24993
21004
1049
95314
82220
17176
65876
80052
42420
31243
78297
11417
77391
49997
73982
36578
7536
86291
46935
37069
16784
41737
80941
80424
54523
61002
39102
81505
4821
4460
91730
60473
90087
3641
63957
31224
42186
61847
26549
86362
46383
47145
75258
902
79144
96975
82589
99103
77238
34825
38918
90963
12720
57753
56870
95633
59181
62885
81421
9623
3951
69563
43177
54250
15692
6096
41213
87775
93274
79105
62841
82646
26038
26811
33243
91302
34417
36597
33410
18675
71191
52667
88075
53276
35965
64454
95178
34129
8134
87270
34471
44322
7123
30913
44658
19219
65349
93654
43716
21804
46864
3578
63252
72748
43550
69092
24274
23389
73596
46244
25123
35426
15685
35309
31706
45229
87625
83700
99856
63118
11130
19696
66847
92646
84819
37985
53633
70778
42118
93294
14655
27650
89408
86214
96185
3968
17242
9736
72850
82894
1503
98878
6964
13841
57749
42820
11431
98506
38058
67751
18729
71659
65917
18088
10891
1255
33669
11551
42408
93793
63490
23581
96835
33734
22718
61066
88828
62519
94752
28972
55182
40223
77101
38217
86280
11331
93595
86596
12166
18039
32307
97187
78411
93869
64450
83921
3965
14664
39196
7647
30269
5711
53358
88198
6114
32413
28191
38728
58961
12756
38753
70772
79931
95378
90
50600
26035
60636
54218
83376
94474
83576
8632
10988
86473
68823
2717
85168
51339
9614
8813
18342
43764
91813
31229
42254
81713
88712
15029
92165
83021
58492
50740
72227
37550
4524
18522
95518
77866
73281
55383
98220
7401
1040
70061
12486
99288
4141
95748
91081
26695
31037
18762
182
50752
16105
51204
2104
71556
86126
25110
3781
20868
99026
74667
4606
33017
75281
92354
20273
28992
42389
72053
42174
74549
9028
32551
76662
89803
8979
28937
56863
26950
376
84136
41332
59093
65982
3607
42409
65551
47506
38197
1101
25865
21722
55003
88040
89073
61892
79908
76675
79018
1148
8025
6055
31716
69688
62648
67902
48279
34478
83744
20182
1180
29285
75548
36260
3560
58056
50026
58725
11078
62199
82854
41119
7888
74840
40055
56262
61770
43595
94742
43898
97883
76859
10135
83534
1288
12847
59062
91811
1199
77953
30527
51347
31965
87430
7929
33706
48332
28716
55600
80847
9117
19106
98653
14080
54606
58672
57941
91195
28408
4744
87307
2425
66535
69812
43074
97620
1846
66415
3604
4650
59367
14672
79384
93306
56253
24736
75987
45034
28662
2189
3773
35339
80007
15159
55023
46869
67318
47879
86886
23948
73326
32736
62423
26724
29571
76813
39599
12672
45475
72730
74277
9653
71604
60671
81791
40846
24175
567
47326
38441
57177
90511
40999
58814
87834
69721
19502
58528
24252
13888
65473
9436
42306
30262
88846
85630
65186
41418
15122
6419
53921
72949
64224
61930
22089
44915
8490
62451
81033
12622
334
46377
51113
23830
89440
93100
38217
77934
49936
17286
56533
80384
97208
12688
98599
98192
28293
90381
65209
63277
23103
38196
44228
79268
24438
23755
98715
28847
92619
6638
18045
87499
34200
73295
93371
30855
85853
83992
135
57400
87016
64172
4436
62505
60448
39851
27440
67376
38318
50356
85275
50556
56585
95429
84162
82474
30588
13981
92509
18935
32758
69187
64513
3664
13006
2144
47202
11269
26833
92711
84809
13692
87114
70836
17134
2657
81836
77106
27730
64603
29247
94711
70492
51578
8772
40106
17102
29101
61031
56901
96995
12144
79456
64981
99687
5026
27238
17534
86483
78420
69169
92700
64963
17438
86282
67748
65430
61099
94961
43465
68546
78421
29547
69018
49361
91180
47046
60552
40380
15663
58666
25222
58754
14269
96125
22377
36869
1637
89363
91183
99745
28569
87505
33851
201
2113
91964
2814
20001
48428
99011
35123
14578
44641
36070
61313
56013
57364
9537
10595
69439
23573
42361
84387
58733
60386
88961
418
29101
44636
83305
71445
38720
9335
7236
4650
71952
69642
87637
88616
84129
83911
68054
28980
20183
11589
56388
39632
69765
90776
2570
54046
4493
51010
67624
43586
44761
89923
25695
81413
14388
82668
27868
16886
26181
51186
5407
79978
71689
51293
45031
47365
99501
42880
93021
1617
70341
61507
5177
51659
32044
73532
18772
94685
1240
36412
2251
62821
82233
74789
25260
66229
29678
32793
95937
17588
10179
81774
76150
34146
35211
12862
89544
58936
53655
97275
76204
36366
77648
26176
39866
83030
66166
22754
21460
97093
93141
13509
20406
81138
83041
85771
36284
28599
84495
61799
98570
58613
73807
52368
76700
54036
10057
60433
83915
59463
91315
96189
89273
94894
42572
42336
1273
32469
38008
99824
638
40154
85049
5154
58846
31724
7398
26457
33666
74030
15914
32954
22989
89435
27836
28891
72550
4900
87223
92313
16036
57461
98453
37673
18390
29717
557
3206
77164
9100
21413
73385
80805
63295
63798
34231
93461
32886
92955
76500
7763
41375
41557
97749
861
37420
89695
80595
30472
6967
51560
53435
59752
67813
88338
17027
23799
77576
34278
47927
21734
30239
39090
47121
47550
96345
65697
89703
27025
64022
3989
96735
86114
5230
73795
18493
17902
7146
47210
84285
59733
3056
41746
66747
83177
14237
25725
78927
19218
24555
23693
63447
12475
57714
71762
45069
91357
80235
91790
93400
31845
99215
78951
31070
64132
57470
97383
19542
51892
58363
41396
22395
35778
53364
65415
1661
33789
31360
54923
47922
63801
37601
8404
58922
79327
3849
79290
57920
92213
54969
14608
70988
34437
60421
96197
53877
21165
56915
63031
18436
66467
20738
33998
65812
86563
17479
25756
1253
71030
86226
15055
99247
26752
2383
57009
36212
9575
23145
4509
65102
1307
89385
99997
40040
75238
79228
68900
59433
41745
72594
91557
54858
35216
19939
94094
68777
14187
16396
81253
82998
57450
66711
42846
53291
62621
40120
97814
47352
68421
40916
89039
34204
10690
76285
53128
36880
24794
59960
94615
2525
40451
78783
8454
13966
90733
22273
2152
77472
26351
49063
53366
78133
15596
87475
78955
43080
93826
32641
21944
955
99087
18575
73700
47117
9344
5849
28644
60519
24055
18653
1331
44629
77496
45533
92814
14834
32912
94434
7727
38107
88643
54333
36547
62790
92496
81066
61834
78380
20227
62894
67947
53697
71288
72223
43602
1637
74375
35234
15943
4434
33968
39726
95339
51254
23203
95440
7601
25979
29484
45321
53687
449
3002
43794
50528
78701
6251
22912
59728
11738
34038
43553
75011
83438
9236
60582
72298
41672
63083
52795
23171
21781
56345
26769
72884
64034
67929
23197
4035
47884
63221
99322
21365
35315
21481
47305
31425
60141
51151
74169
4656
99255
98253
42849
35924
83909
727
42601
63458
28315
43937
24041
99885
80340
518
85481
2816
20223
95342
15976
31224
4363
319
37209
7644
53175
39011
78471
67002
3275
68562
93049
82783
99781
44892
69552
53234
37260
53045
73581
57005
39521
10173
13967
94905
32659
84779
84379
69254
16113
66549
85652
1668
49978
23679
1194
75809
31056
70526
65647
50622
37963
74439
45764
75824
87082
71352
69650
58673
44645
13603
34484
49120
79838
81363
74770
50939
59573
67260
49545
38072
1498
71364
83622
58235
55486
87367
305
83606
75138
56139
82758
79363
62097
87202
53246
60727
45706
21973
14892
55908
81845
2803
18020
11310
80374
22198
58998
1703
45279
31726
2552
67050
48896
52044
12993
784
25690
35981
61682
23442
79090
68929
47535
90939
11105
46839
55723
91209
16295
67719
21250
24673
82111
46235
80607
21452
30830
187
67262
89457
76725
66324
14188
3376
90279
81604
41610
30617
75188
12484
36913
86951
45123
48882
68623
42908
37150
97882
43887
72153
24615
23905
41015
31866
93097
84494
2059
95789
14345
40437
86799
83149
90907
62657
70537
93983
43025
14590
6789
19976
23950
96352
50514
58057
71865
57683
11049
77848
27277
32800
24270
99516
7181
78616
35759
53092
59125
51520
27498
81957
94539
88538
79052
20751
79189
78892
54867
32298
70692
5006
75604
15730
99853
81141
85209
66892
4953
43320
10562
52836
96658
82907
5932
58501
91678
44704
6576
3060
48616
94086
33346
69321
52537
5115
27289
15722
23174
19398
23630
36070
291
67786
13246
69995
75509
47768
15018
17477
67013
72692
20798
67476
35249
16865
99342
72776
21148
6124
70587
9116
68486
10738
24597
11276
76182
15663
67835
20372
71251
96676
30975
27014
56146
21860
5029
86696
81226
95451
4073
12744
5091
61467
47679
23516
49677
6821
38454
42778
32973
20561
29334
59057
27474
17434
41705
81219
3014
42984
26614
73471
63040
93467
16552
6943
35798
44080
37421
95067
17679
19316
20538
20615
31927
51811
43692
35856
5708
65659
82281
69646
81621
32738
16133
77607
68210
12496
80513
22241
44366
29499
61325
35585
94513
21597
74542
70308
33298
21092
49083
40984
95658
74582
67201
51897
68323
89246
9511
71364
51472
53783
56012
51897
18070
44020
84363
24338
80904
37450
38145
83322
97808
23931
88805
25004
81961
52096
33142
31465
6442
12050
75507
36053
24573
58485
59875
79215
95725
31041
22804
8267
57629
7950
20673
84078
43830
59995
78509
5797
87673
37179
57484
14659
91666
74205
34369
10581
81101
3671
86338
2819
42338
11182
94488
8165
28044
60549
40706
20607
60824
49951
23449
37819
50873
3154
67885
44514
7160
61643
24111
92726
22952
63127
28424
31247
68824
37557
70118
52336
6913
4342
66967
4037
95839
50126
1678
62652
8253
79642
19171
60381
72137
9741
74967
23014
71910
89401
73973
34088
55648
36247
36947
65944
86427
63251
55000
88434
82468
76727
71448
49905
92265
80625
70170
74980
81028
20228
85082
92077
39250
94920
68107
71099
32258
95807
66036
30402
53834
43286
13755
24244
47347
80947
18432
69214
92052
94881
97536
89249
316
58902
13466
89708
45385
67037
72845
99571
981
52868
11392
29326
56208
1668
45532
54608
82217
21352
73748
51649
59558
45405
33701
68603
71092
53461
84696
23486
36760
26231
62436
56528
88067
73446
69264
49012
29764
75852
34326
2566
94103
81380
82339
85809
40923
68321
89755
525
43138
55966
30458
69272
43425
5282
17461
25680
54311
58959
127
48106
18091
44456
16040
36818
48510
1437
49983
49663
79391
72724
23863
39026
40749
81110
15464
98379
56087
74739
54733
65672
4591
58674
54283
39163
49854
12121
29009
63463
51089
84118
10010
59767
6096
83176
98959
65307
92687
89517
59306
83168
16286
28904
51350
74922
82651
7438
13138
8528
72039
71662
69652
34485
46742
55419
83178
55646
5344
67671
62619
4021
32181
50973
79501
45721
9453
9387
80831
17248
32124
6378
75286
38282
68773
12028
53782
25859
69926
60993
6950
37716
44177
6950
57014
69542
72698
875
21724
47797
65772
75726
55993
88333
20695
36185
29819
47428
32324
62533
60827
83924
86761
89098
15783
98067
14071
35268
3194
35984
4528
18115
88455
76747
48247
36527
73045
77682
92896
35638
42436
58292
87846
82932
73742
44676
15259
8222
31720
85772
76378
34731
97895
53355
79352
70207
76512
39437
85145
81525
37640
2437
78591
72168
82586
36681
86429
51166
6615
95146
83210
29650
65191
55407
55858
57980
41437
60877
26150
97247
28889
64005
64370
37743
1224
31898
31119
96509
38246
87725
32687
35041
29987
34327
58262
72803
25666
15682
63881
44582
51422
24804
766
33553
25768
7418
34483
89402
64492
94717
46074
66577
69554
8483
27122
78407
48544
35988
76561
10394
48508
20903
6077
2526
77870
11961
46074
8777
548
60106
19709
73466
53040
92404
2400
1831
6156
59336
93230
72707
46654
53607
84862
65896
68022
76441
44764
2566
84788
10318
10338
22888
52294
96111
71239
10879
67951
95072
23406
6957
76356
57876
48543
28016
45584
20301
20818
93066
19383
39343
87751
63273
95223
30655
40691
20631
88906
30493
67733
98400
95752
81563
89799
51099
31882
44089
27344
43480
59433
63999
67702
91237
25477
7862
7345
96284
97825
87523
47194
70892
88812
98369
65634
55074
23995
40826
639
3091
81393
80161
10273
68265
45760
54895
85923
94569
81193
18617
49725
69437
7296
62698
88150
39394
90443
43554
29175
86192
28809
74603
16731
51265
34799
48563
45410
23264
79405
82667
43173
70576
50672
77563
21796
59926
75872
29695
55322
28836
69130
11971
27858
45986
59512
87286
15987
1755
13595
76142
22199
10561
71275
60152
69849
50430
70277
82073
50861
92601
27923
98246
88201
89025
28458
58109
81697
99001
64205
8991
26065
19680
6638
94570
62259
79260
4661
63830
64208
50498
67577
12012
93875
76964
84459
2206
67289
60951
20050
25191
5957
38912
82992
60544
49072
54459
33508
55484
88381
80808
46793
42561
75627
38227
68156
53348
9283
7261
46362
2495
9201
72524
97672
24241
60400
9772
98348
73202
95294
46688
67257
54577
97679
61673
13352
89869
64829
83602
96641
94348
39036
32598
569
251
51596
62126
49494
52419
15656
44987
80941
91876
72603
96748
14028
94737
95794
9741
74612
94183
24716
65836
23550
14251
85006
44361
5375
34208
50772
69593
24806
6369
87266
80471
5122
9761
2744
79496
16576
28956
86436
80681
79889
2394
63441
61175
30315
63200
66237
27547
82630
40882
80328
45616
57255
31145
75784
370
55833
9421
47513
6885
13302
42223
71346
57759
64678
57350
54740
13523
86847
25828
57179
3419
61098
46228
49431
65345
52262
46738
91476
60394
59494
30790
25684
83136
98069
94943
49759
39418
53274
87016
86449
13930
15286
54090
58706
16194
8874
56798
25155
95108
19766
75789
50483
81829
34076
31846
21265
48094
28995
80763
87708
95279
97688
51288
11031
36271
48814
38368
98552
54100
40774
60006
4671
25051
57546
45190
75492
27605
39283
93854
5129
76303
74570
24332
71310
39548
30156
5893
57124
30561
86950
48782
53881
40732
73344
64987
38642
53298
6422
98114
11799
26932
81761
54459
27239
98349
80853
69686
34125
41227
69187
24473
92906
91783
91583
69493
68466
32754
24924
91556
10995
37342
26578
35361
92303
23463
96514
92611
20139
41596
40912
25271
98463
73902
41807
70074
62414
39956
77531
48688
47824
27767
92768
32196
61323
77473
8088
40316
83905
40797
29297
45111
82978
31947
54476
80550
19841
71587
3906
40389
69476
29827
32673
10997
3382
6614
24436
50103
84375
97155
19009
7686
59475
99215
98476
53777
62703
86256
15993
43221
21023
58896
56463
45427
82581
12154
90872
59379
98965
82884
42820
17556
57092
65400
18669
61678
8030
18369
86421
63942
45254
82319
80587
77262
24760
80806
44525
82199
82170
9897
68519
96083
66194
71231
55578
99755
74001
56160
98072
97402
8429
59518
75532
34853
65132
72722
29654
3799
44764
19649
10868
82588
38175
51243
39836
64282
91396
7793
11270
21576
13905
69120
46918
28332
11036
24222
6870
31540
45209
26736
84275
60368
33806
27781
64190
93130
16418
14019
70915
91140
60691
95660
57910
54189
58791
10412
90457
88255
16283
74370
17594
86744
65687
55177
41625
58066
97122
16674
48904
71937
60914
7935
93739
29001
46715
11726
54142
36602
77449
78240
90230
90729
62313
17045
38591
54220
19713
11366
76933
88177
96992
76591
28655
18267
4624
25111
28037
62235
92232
37277
50898
27687
57566
87233
74212
31545
38490
53452
57904
8775
98661
54300
27731
3834
11680
72656
2836
52109
74129
94125
95589
92644
39288
89195
96808
44006
34945
64863
89421
25721
9170
18981
17209
23769
18467
82793
30723
46964
44429
89170
37561
95045
77787
48748
51103
65707
81309
82545
14135
36133
81628
48532
85628
29644
6280
67241
90120
41645
44012
38772
67158
36321
19651
44492
69570
4171
76452
69004
69196
96718
84121
41110
34971
49736
45998
24260
19838
14959
98980
75149
91149
3815
64965
22768
66447
81373
72785
52735
90549
27650
535
92459
60003
54855
43456
79336
47023
40146
80326
28894
48450
39899
28834
45067
53243
40613
42562
46072
22259
23452
51289
22678
50491
61543
88912
71796
64929
27786
88378
53217
30642
49084
71942
89272
81497
49407
20077
61709
30789
14817
37931
88466
20137
77070
86859
77446
51421
47024
63227
187
23362
63108
6015
57058
16419
40634
35713
14613
92791
71657
85894
92641
12483
67244
57467
51054
35579
37405
2798
32461
21417
29741
57561
28861
7878
4637
28506
3481
74086
91868
27934
86817
18129
84189
64315
47844
907
55315
80605
49671
61076
66828
62136
52469
1643
11464
9596
16130
97518
77365
84327
58365
91805
57001
96820
45842
12701
28858
30929
23066
10520
43549
93326
83712
95649
95897
46193
73264
14133
24327
51367
80989
61053
9737
34869
64911
68784
10276
20268
52552
49526
99291
97691
42674
6983
62313
46302
70759
2961
46747
97205
39644
56089
807
97167
4842
43320
74797
56741
89722
47239
54569
2403
33261
49558
5202
12257
81925
40853
21651
79088
86676
87094
52035
95855
30847
37993
55426
35197
38830
81511
19314
9705
6578
35883
367
82150
8852
78202
10157
34714
25238
85507
55662
21909
12232
738
8060
47391
81898
65342
77097
29002
5241
43538
56608
59431
3576
93481
29767
88052
37147
90178
97236
8659
33075
30579
36393
2550
53809
32906
44397
32822
89593
91919
96425
75586
70437
80485
57307
27285
97362
33199
57530
28576
70891
58223
58216
81223
95793
76202
96685
23592
79875
56903
4277
55957
34864
31862
90184
10275
87254
72429
13985
47643
92053
41262
94158
8589
50902
34436
4323
28709
65938
2220
15707
93494
64032
91921
20717
60626
57694
91823
74343
33627
66938
92761
87593
38612
40670
54
53440
5521
46071
12678
54621
61134
73920
88131
45842
56987
38096
547
97128
73908
71484
57081
65024
44654
85290
34907
50628
96877
87027
66302
54857
73203
68020
4605
29572
59348
12626
65785
27174
50469
58951
53594
90517
86482
66893
1844
26728
15566
1318
67941
60606
55045
53766
73626
96636
55630
18909
561
96257
86492
56229
48250
91496
63540
39108
21110
24666
83192
89758
21282
50669
49474
11515
81261
69724
5421
33552
6308
27076
15148
79917
9390
49113
91230
61154
68851
13891
51993
91343
22393
78264
88739
8934
54470
84247
22560
98943
83497
17758
36614
94488
35572
18665
57708
77543
35554
18152
28129
80830
32086
76411
5304
60953
63844
62349
70625
71846
4200
11434
44595
3346
7636
95357
62598
69580
82248
16267
10109
39896
35194
7526
15488
27603
10261
32367
89000
12862
12189
37739
28243
75721
40720
56865
13879
31389
37864
15373
41491
25413
25502
38916
257
30234
26984
26820
53512
73322
64803
86807
13326
44037
74284
27685
25483
11779
93799
4082
84824
51829
12067
59803
31270
97511
65013
82024
64748
90030
24417
41071
6552
19092
56215
74789
95462
57277
57113
42881
86222
21620
28091
49743
85080
88343
74083
11470
98571
72637
67152
59207
53571
29984
61495
57002
14592
77770
83209
3238
83067
15744
78928
26629
13460
18181
43672
35650
72870
32301
97706
15688
89148
78271
7124
79400
86077
2277
62724
15766
62083
17395
40787
97505
81642
9298
28766
59533
77219
44168
96560
46831
29832
99206
23388
84356
68714
98478
7685
30254
29894
10046
55744
99757
61334
42045
96337
40085
29091
14497
41939
28465
31064
87547
4820
15253
18611
15136
77020
31832
84660
80980
4302
44182
23928
43509
9606
9344
45791
99041
45923
28958
64809
8069
4286
451
16223
88708
43128
3051
46990
4768
77427
70068
51278
70760
6839
35733
66912
75805
48052
20799
69079
99074
67559
60015
42542
79233
96053
82157
65783
8884
35988
79717
51155
70742
73929
42752
55421
9767
24492
48925
44640
57589
97608
43921
85641
74222
33823
2488
94648
53695
15115
29942
73744
18823
3358
64495
23534
50269
80075
45791
74134
82234
30749
8696
67784
48581
4293
11702
51986
20602
19665
50272
40031
57493
63960
47997
51309
73569
70802
46319
54812
15480
99364
63153
98050
80725
49337
87177
49948
79518
63820
27658
38943
2183
35907
12714
46509
67429
60885
45978
43587
63441
29387
6919
89262
2420
31492
68011
47357
54069
98195
33297
40210
77564
8132
47236
5075
85314
29628
27346
18237
38039
24605
50306
96312
40208
42440
40079
71621
11083
28349
48416
89907
14304
25758
96006
37233
5926
15411
33969
18654
63870
65894
68271
50461
54112
16718
58658
15237
9825
18473
925
21332
45022
66145
39995
64419
15015
45074
77724
11476
95659
1794
69788
38024
84795
99662
89266
83021
53950
13318
21570
75732
88433
85903
30335
58209
16792
22951
90689
44252
39686
76101
60126
82725
71205
78013
20233
75716
61730
48323
43076
23966
8344
5448
58594
33796
44215
69600
52318
20005
34064
70084
86225
52739
9985
91026
80148
85539
6168
47154
95827
25310
7589
82324
29546
54453
22176
92309
6943
57729
53236
5729
69659
57576
85063
60338
84102
59468
36519
57270
45790
76221
31858
43534
41940
35855
49793
90099
48259
50662
38451
2996
66734
79309
65618
24154
84180
18919
59716
12076
70354
66557
62673
68686
75414
59029
87115
59172
74460
931
33950
24565
57511
94874
70870
83883
3613
80731
62760
42102
13535
88334
27422
97392
59748
32846
64962
30203
27537
50847
35717
6119
47575
85339
96333
46448
26633
78409
85913
26723
13592
73903
52818
40833
69228
66014
85073
61149
10690
51340
84007
43167
62589
91488
40076
84939
56906
2501
17735
95579
44372
68609
96855
91913
74720
91776
35004
28553
70150
13577
59269
71059
34925
63410
56887
15326
21698
31087
33014
39016
28693
78662
58611
30578
37424
93886
65554
84104
35956
43222
50039
84383
51633
12978
20077
52214
98658
27087
25586
2079
91972
1112
14019
34743
72017
38545
19135
8977
32540
87697
30042
51409
50347
60909
74273
87091
82316
72110
97668
33484
80758
79365
55365
89993
44157
46069
16956
54228
28433
93774
84932
45781
78740
97498
71142
36884
28022
13232
9503
7580
8687
20070
71249
87131
23640
63460
44419
40231
29862
90452
36374
6043
32388
18069
2757
7550
87628
46894
54391
71652
17249
62367
19365
88238
20108
41428
77218
67981
47345
65907
20876
98212
31726
42324
39790
62763
95824
29520
26959
49328
49777
65138
15419
48952
13330
74219
14507
27747
53456
25218
58643
23757
29414
3207
21833
41008
83135
2568
60141
22791
73431
41693
88345
50446
54189
71198
71334
69029
17063
39541
75224
20243
6050
36878
34472
50599
92371
34347
98604
13882
86463
82963
19364
51920
92564
8970
21220
79422
45826
15228
78457
69637
61562
75123
81306
86332
99553
93353
22125
7308
63792
30423
28338
22292
93196
79083
66480
43885
73533
10104
99770
29160
16365
12168
13438
47796
65662
80588
21866
83931
13384
80244
65915
26924
23087
97241
86947
57075
42365
78488
25878
15972
1601
49018
46353
18392
97219
83598
67624
58702
91106
48920
54315
67378
65581
53058
74100
98811
8634
49200
97135
41677
15622
35410
2342
39615
13962
48787
35752
6584
90198
70671
19702
17683
16876
63521
37642
62817
68380
80217
84516
8813
65208
85165
65458
15610
851
92455
81755
5417
4251
12444
75080
28727
1551
43196
28783
13859
16351
24933
98270
58061
47615
41842
44385
92986
24455
60113
31055
14068
69610
66418
25623
58735
74129
81212
98819
2054
1300
4058
52902
79203
61524
26898
92615
85245
66071
14293
7210
86172
82785
77042
44023
3832
81964
9062
11818
40287
42148
46542
20214
46166
36738
89117
13590
63383
41922
92648
47442
30584
66531
45407
79690
172
22298
60150
90850
85795
90195
50338
8138
16173
91622
29631
53449
38331
2002
26509
32326
11174
43161
59196
23634
93289
79767
85692
21909
18537
61023
70551
35219
94806
75764
98618
85819
51113
32993
17262
48108
22701
95127
18693
6340
81178
44929
38000
57383
6908
56580
10414
72648
66706
71608
42526
15095
92851
97853
44341
39655
98539
73500
60875
20667
66242
70652
14960
34956
11134
86846
63324
86809
48063
62709
66532
40940
43400
32389
26473
98757
32382
97111
56970
59366
76360
39702
97369
67961
92726
17097
40043
55169
57630
9357
649
40988
60130
7374
88740
69970
13710
64003
98406
99806
47069
84195
97795
32661
53595
82919
50957
54551
75652
76446
40359
31217
68747
4391
39985
24461
78936
76622
6211
65911
2185
99814
15061
72844
59001
12287
442
4673
60125
25765
65069
85165
53611
26325
7684
53
60022
2428
60353
27122
4884
58701
36456
98496
94176
70943
40682
24197
29115
19233
49247
76444
57390
94811
29587
84350
81162
57794
40119
80973
81072
4791
26520
67708
13549
9374
80045
29085
70205
81046
47690
83208
33329
36569
81361
38757
88043
67185
75048
92215
4677
81301
80549
20709
57649
24671
93702
18246
6971
45548
67326
11241
4587
2287
89898
78046
88391
84274
24033
61859
1653
2858
32809
95023
67614
6741
49959
66901
95118
71731
91246
6422
3352
54526
11545
74310
29559
31400
92595
889
64463
87856
14835
69737
39441
30208
69382
83783
10397
56293
75556
38683
36322
92396
18437
90650
37249
36470
73068
37796
12912
80152
18849
35254
48538
46929
46045
89202
47651
11432
50334
66057
41962
32898
65371
18307
30279
58557
27153
47403
74323
26029
3419
73721
78503
63632
79680
46781
3773
55535
56391
25157
12275
79859
30213
42123
73614
46530
35639
18398
86490
44373
71979
53644
10991
4503
37528
32073
28208
78780
88751
36318
66126
5883
31177
85904
1993
40330
57727
54284
69366
72052
5337
34861
9787
57274
90558
11049
8471
53443
36170
81310
9056
33185
28094
74100
88740
83842
79312
43055
51377
82927
34403
23124
11952
24933
80050
45173
49739
42413
21574
24219
77680
15578
51656
8975
50093
66527
97071
68005
13851
98314
23482
51813
51480
81313
25370
64119
96364
9464
85319
98251
8173
29995
64755
23554
11262
23742
9307
75868
55474
29231
1241
70463
99662
16628
84055
80576
58253
30455
21182
76274
97757
10923
10252
3304
95014
95721
88836
24424
9675
48172
88831
55759
79593
28037
95393
26523
10364
4859
63239
24504
52417
8834
68892
63594
97142
68215
68042
70228
69342
35830
23501
78467
14273
75129
58563
92827
52591
45101
30176
16091
50949
4370
63102
42543
31528
66959
54706
58098
9135
22319
82906
50110
53021
4156
80754
28690
51275
87318
82341
16894
24293
93584
6529
61614
62699
84936
91683
69489
6135
27649
76690
88037
91358
14719
12007
1184
15151
19934
97962
72157
89913
77774
20696
80834
83082
50607
12224
14378
85105
92966
30061
34164
46757
95161
54493
16070
48958
70541
99697
71007
25761
77657
86365
46680
80058
48550
18943
81910
19234
44550
6476
93200
12287
73869
56134
60407
70538
85169
86474
56742
38412
84250
31845
48071
2562
82917
47431
72224
85696
90907
80816
13720
92562
28841
23590
7722
47421
11835
21577
56325
57732
85274
84765
51261
52070
3168
98151
40754
3108
83252
1907
12602
49248
16710
12018
47662
87362
14760
74977
78190
16276
79974
25604
17906
34093
69316
20977
55502
4107
87731
10249
11008
91065
93904
11970
52633
496
81753
19423
17286
26138
87053
96513
54939
56945
98783
32118
80667
66054
46613
60880
71654
95710
26691
85937
10207
28855
69664
87362
2712
28744
31618
99395
9980
4678
379
56668
75385
74915
16495
79058
10345
27536
98032
98486
39579
9924
82840
1079
12867
40405
88994
70872
96474
48322
75974
54172
63251
43603
84399
98141
88508
69688
37307
93691
24461
99279
83342
95026
17040
9825
67923
10053
38380
57259
60881
62807
64848
96859
78181
16440
50809
33840
50594
94780
73184
78564
27009
27047
10499
72358
79366
82725
78862
35391
55858
25334
78662
72951
94847
12454
36242
73872
63131
95099
37286
72239
62563
43144
37069
48059
58619
31262
59026
4446
54088
48481
38155
76808
39915
79801
16515
20819
45114
14463
72611
47906
36508
51447
95580
482
81024
4830
77395
16242
69690
25400
71465
15871
55548
51596
29030
92904
75661
70316
91554
93377
6249
64556
65583
78290
86901
8659
4231
47199
72669
77551
24205
52291
87500
24515
95298
69973
75142
63228
89287
39021
70533
27713
41994
35520
61519
33640
9711
89382
97104
53734
68892
34173
58521
37374
9089
84326
62741
16251
4930
97518
98948
69113
74050
38215
89846
88349
5870
98420
72165
29284
12227
86372
1743
43577
51932
22005
84815
85632
52508
26042
38647
4528
18325
11959
1772
91486
11667
2089
7038
81748
99817
11778
78083
14752
60949
35698
18415
98025
48721
73762
53681
63004
6329
4954
22125
60420
19669
85219
55410
34680
29186
94150
68087
96271
8737
3666
71639
84302
80539
95709
83909
59458
47823
77442
26158
33737
42138
23049
95818
49003
14626
74020
49054
48486
17503
4821
78386
60263
33062
51725
30666
93780
51508
66863
18883
50054
85267
49907
53451
66676
1420
27015
42653
9322
8777
33648
6328
1304
48261
23406
37276
44679
32435
47485
63296
13991
33640
11672
71282
71236
98790
33080
44876
13911
29413
66842
61839
8089
45632
89630
63167
14258
66746
36523
17595
39503
50923
93808
85463
78833
91211
31718
13816
91362
81209
70002
70091
55331
9320
83110
33730
51169
36263
30599
33932
95047
9579
37097
84272
54700
65340
30198
46118
96620
57785
81358
25266
1013
35560
98823
20478
4664
43390
13974
88210
49919
74983
26822
44499
89950
86387
67205
24341
77762
83102
80031
73182
94118
52538
87713
61881
95716
19290
9183
35412
66216
9885
98962
758
7008
89813
55961
10528
21968
37140
53216
34655
62019
92818
28158
22443
32571
77374
59640
51168
17993
6814
47139
57718
22712
33572
25671
70815
70788
97551
44415
93564
7112
80667
9500
84252
22357
36390
93897
13491
99966
64512
84170
34962
16688
79598
9053
52713
32352
81275
50339
61814
4124
84636
65080
14088
29155
18654
29725
25141
91408
52111
43031
30132
30609
50405
60401
42935
77879
97007
83292
13833
43142
70166
90998
54720
77004
44943
66728
57503
783
62176
70570
78219
90814
36748
71745
85256
33833
49693
8393
38159
9965
90637
45965
69870
67111
78193
44179
61340
71210
34563
42709
69239
8268
89898
60970
97852
28858
30984
98595
20066
99212
7392
64113
81460
596
9409
87011
32521
16207
31860
66509
94658
30846
95550
49669
49727
6766
2866
7463
67070
10579
19926
59129
59569
93076
528
84904
6555
6207
27310
59505
46311
19005
52239
6076
94052
17760
64304
61026
25153
40601
86838
75023
10529
38119
46709
81506
27995
65290
36188
15058
24945
43317
37470
44747
14571
69217
31773
46230
41520
72990
74900
88854
37152
19428
98785
96719
75792
3304
81325
93217
32514
46251
38970
47474
37921
30668
31048
64969
24182
51390
17155
10870
17482
59988
47917
73776
25689
83096
56771
73174
56591
79643
29807
20439
87650
41830
68522
4814
84395
25584
54987
69508
2018
96264
14481
21593
41397
6610
6761
9629
72932
75727
23964
77273
40957
68788
75479
88235
73103
2877
93656
30510
2765
61818
68659
82296
7585
83431
14430
84125
84265
28378
35103
43216
74163
7190
44688
45706
19633
89756
58220
5379
90425
61473
14393
93213
91580
12858
81234
52929
34977
49715
4015
7137
77565
62752
86611
59164
23537
94571
36146
88480
18175
81964
75549
28489
34346
84663
14988
19304
47178
54414
48838
6815
38473
94519
72912
94536
63485
3145
13616
95765
59106
58816
67804
10515
71059
63248
51588
14120
69701
4758
36281
29147
79905
71593
82008
73906
97979
59791
97687
93142
96339
26829
21259
92980
66504
95415
22676
61981
40596
32549
14341
9836
57032
73766
53268
55047
22660
20846
89338
89183
89139
21227
45255
79858
29665
99797
49573
81328
52506
13380
32519
50554
95489
99420
8079
11590
53129
45411
73177
78687
80180
3731
46727
95562
71237
3402
85321
10147
74564
82014
2760
46853
43885
38063
72816
89545
96021
13525
46488
86662
32731
33592
43823
2999
49255
72607
89893
2394
74658
16000
69267
916
92177
87253
30376
97298
66703
99376
86929
7658
54213
3525
7587
92512
68201
3366
79016
60964
53297
92268
56932
6009
51154
96049
52579
99537
47961
29562
16706
21363
40485
7281
75830
96383
61152
78930
18396
27176
62840
25179
88126
7072
35166
30502
20575
19505
79737
96979
17155
37031
20072
77374
4542
89004
61619
26416
39576
30411
69772
65586
74777
25782
4488
18748
94647
79459
60244
1963
77209
52593
4245
13169
75334
56585
10624
83654
27567
86047
35731
64380
50902
51159
31278
98832
65786
41316
47153
36380
41792
99275
6676
54186
33183
78407
10589
47139
51496
48582
46113
75590
10768
52689
10202
14932
71836
77352
29025
35879
73256
65740
94281
46659
41492
38134
80440
6757
96779
37988
55586
58456
47089
69396
66819
18726
52168
77929
47033
67659
17343
34987
74812
79462
69144
7659
57339
5065
45972
76291
93236
16303
12574
44380
22544
64781
58161
39817
6585
84001
37382
18513
75704
19591
54814
13098
98799
87947
40392
59457
85776
89432
65167
88246
35128
879
87043
71523
8332
12883
81315
98429
85326
69089
18372
74036
60956
99934
62433
38677
31173
32648
24959
25582
30377
64558
3898
37073
61484
7995
21138
54002
30582
98094
40748
7723
970
43173
88454
75839
79425
38360
90907
93338
58722
21442
83439
75287
48833
97337
26328
38972
56049
72447
85417
60160
6439
3665
30396
39853
81197
40220
82010
68928
15647
54384
58410
57998
17573
35181
4885
38880
64686
14234
11730
19230
70405
26516
78803
29450
6003
64259
79146
86467
29648
62185
21337
45643
88967
6483
61685
81634
19846
13586
17238
25521
31167
27043
25182
81154
43230
83626
27011
52940
99078
3294
43227
93837
80490
48221
39075
49777
12293
56896
4524
25103
74231
4074
55362
39154
63133
87194
72826
53556
99596
28255
69816
86694
13897
3723
69786
96813
37416
12128
18981
24263
287
23592
47818
52140
10085
84449
55028
13711
22925
97940
13232
39362
81369
67302
23513
4761
69501
56072
63232
73799
87538
66633
31669
39942
17491
48780
3828
42418
89975
92180
49774
45812
94635
43419
44531
16285
31947
17730
60505
86696
32701
62883
68140
49954
15627
61890
58354
52069
81627
75170
75354
50432
2316
71924
29184
70418
45935
22729
38751
5045
80352
7913
3572
37144
89055
2333
53930
37765
84815
38918
24680
41633
27051
33488
19507
13425
57568
82657
51009
65658
64139
65676
6651
22017
15343
32258
64878
74801
50419
68712
47567
79002
43286
259
25416
33463
61744
36528
95908
2728
24326
96400
73234
90014
47273
18112
6905
73205
53068
52551
8697
69083
73248
3113
8857
14031
73967
32345
29971
45157
23889
22251
35192
92934
31853
61255
44001
92723
98864
32153
57011
44138
26531
34693
63950
68450
60876
39191
87826
113
68
54329
20047
79725
55984
95039
80520
40334
35582
30812
36610
46418
38910
8151
53551
50139
86970
87607
64337
979
31700
11899
81709
82479
80827
27751
93102
9842
95176
73113
34803
82408
94459
25114
66870
32787
39022
48464
1562
36802
90994
33999
73840
12925
37934
27983
23398
52862
4241
20889
19309
97657
38096
53308
11173
38716
86432
65180
38023
17105
41394
69834
26510
88960
78822
26734
12899
25073
32589
54368
53572
5424
29535
97335
15921
71273
63093
63641
86451
58035
58213
96049
93000
95305
27992
22110
15183
79571
83561
84104
46828
21539
7548
12301
3609
188
33944
9754
35210
82637
42210
76405
6011
59738
97208
41399
1560
84123
7591
9847
96937
66046
54794
92897
35607
90344
40415
20934
87903
47641
42855
90413
15251
11054
90906
2791
22343
10239
5893
2336
85439
29960
46465
56690
722
80741
94705
42739
38458
67479
88376
86254
25211
91907
75668
63215
99182
15450
28347
69400
69482
42067
71280
70961
10637
43028
15586
90940
70988
13295
59522
45638
75445
97481
80703
60378
86013
86710
33855
41263
87563
63520
73116
45794
86336
83911
3704
60830
15905
17538
18559
99575
17058
18627
76280
97015
15761
27033
56999
28688
84060
81231
18466
68496
60064
1714
3118
20978
50928
17263
70421
38736
45598
39739
64934
31798
46121
10220
1994
45427
64483
93732
28510
68361
81469
38511
95442
20547
87089
73954
47804
14086
72204
54339
29690
10528
78902
8999
17731
71613
23551
98646
24264
95609
21768
88907
54028
25712
35787
76599
26716
58512
93544
67398
23629
46864
51598
54745
35378
41658
49218
35090
87063
98499
93230
25295
61
99004
58729
75629
14321
97153
38687
19469
97867
71791
27197
73588
98112
32882
44091
75597
44581
7707
51398
27817
13409
81425
89961
45415
43405
88959
3767
87534
14538
15371
30040
38070
71935
57767
44110
69703
79726
37696
33090
91450
94802
63860
29616
7963
15032
6113
34412
37936
82198
66584
74671
20627
91660
47984
66754
86427
37494
34614
7141
44121
39147
21442
38621
76318
56309
22758
21336
69370
93389
61983
44670
2367
20210
35278
662
29476
24326
7296
73906
11590
80037
39433
28600
3784
95459
74320
83245
20123
69025
24228
97344
27896
30668
59532
51985
19530
35794
36763
70588
26442
61569
26754
92070
52130
34046
46816
63011
60626
959
6805
85729
61297
45606
41588
75380
90763
77434
92118
15647
63433
76515
92332
56956
51023
65602
35660
25256
5022
10699
50764
62350
90042
84864
36845
70798
1189
17163
25263
46474
93290
74231
4610
64269
79414
78508
88060
30648
20929
43909
40551
28202
95531
74031
88946
5036
94689
40065
64903
98326
55806
14931
55453
61921
95630
82620
13252
80682
51118
57452
68829
94880
95887
93570
7404
97098
33562
27435
37990
42360
2669
59224
81444
72164
1380
46938
95514
78020
58866
98461
33473
36144
99822
22174
86640
65610
79467
99722
39914
55407
52000
14229
90832
96376
95910
53972
23671
49933
92896
51735
29172
26983
36532
48615
49620
57760
78423
96791
84617
39546
96712
31082
29534
2920
87762
25665
26251
77725
43989
84735
36708
54191
11166
22811
63596
17351
63283
88321
34887
7369
38347
82214
64620
46330
56410
98085
98457
26514
99178
11803
67170
79264
51524
56667
55649
30324
67662
71759
77201
99117
46735
21485
45750
41088
94158
91793
55347
41537
40153
68412
66431
43921
4321
37449
43922
56165
68962
40264
80633
45614
53312
70105
17993
55050
29292
86470
11856
1351
43623
87229
68454
27599
7486
62825
60259
73589
10675
87692
79915
12730
4220
42043
85572
34491
89892
53814
44744
46395
96624
17122
91382
37225
11036
84933
56162
93390
39204
58814
74829
97365
89407
72926
83023
84375
22597
99591
64849
31682
9105
1599
24951
31749
11201
44208
80922
95131
61210
5600
81844
2097
49673
46921
45044
48085
37060
82612
18194
82206
37039
38806
49565
9874
29819
93063
81551
34104
62953
19162
36610
37979
90636
99422
92955
26199
52587
26129
87205
44995
61766
73436
83513
41659
52816
35311
32377
17576
71131
55161
38844
54574
22066
21251
66211
64531
78847
32746
68970
85703
31949
79096
92219
34644
30055
70494
35292
90819
94431
11216
40552
67784
64812
925
61883
39276
33546
5129
62087
71605
42789
96649
73796
50420
98448
80474
82117
44458
92751
98302
87557
32056
54262
88596
59359
4226
50728
94355
19133
62270
16961
32386
30057
76127
13519
64983
35263
10105
83259
39531
95715
96720
23782
79575
28079
48962
28526
94413
47269
74861
30864
53140
34819
72350
24647
54113
63348
76215
89906
5903
50914
55708
45908
92
61610
59099
37877
72767
9736
47061
94598
25577
88753
58285
76322
67831
95552
15628
14127
93617
42248
41551
516
98307
62504
40622
40357
85
3484
46697
32681
46024
50960
81073
39389
66160
19887
81744
59329
17577
45498
51094
73456
60215
72277
31585
24541
98622
18587
85128
4344
20986
8497
36164
38608
35740
13016
65979
73459
88386
44604
1963
72753
41394
19210
70224
82847
32819
8030
69618
74039
44999
67994
98638
59900
44137
38930
26046
72731
53791
44356
8040
82285
51004
5830
18944
13785
94453
38840
39035
79606
60093
83896
51441
39950
22592
31988
3918
37663
28600
18169
61685
54715
98159
78251
657
5519
66962
56846
24282
61248
69295
34016
19104
41809
97707
27657
8215
81601
23073
24779
77312
44818
94202
12788
33775
87268
85862
48114
64094
97824
11189
16134
79053
80113
53077
42609
84404
63468
31240
69675
96008
87440
10177
33906
50789
63368
71450
25215
22014
25710
78005
44149
45918
68714
72302
72339
99514
46551
11417
98889
86005
53094
35261
69575
98543
37821
84076
81648
32171
47511
69662
39021
94076
96943
23945
99646
17611
94295
22527
91404
77224
86626
45252
36026
28138
22242
60203
38298
30468
25451
41740
16348
70247
23767
65507
92160
91150
50947
37544
20269
8170
89302
50151
25818
25386
56353
39324
18729
98566
62786
97101
35380
59112
74627
88675
61727
2232
19839
95525
97773
88515
91269
32787
30927
10983
52853
5597
33079
30750
27143
50206
89802
95236
64651
6872
30452
20262
81802
61645
98582
39369
12684
119
2298
99316
6707
2981
20711
80732
53509
23058
6512
50122
94183
30595
91046
82186
55396
3133
78830
18643
18957
92097
5742
1422
50746
8166
69952
76709
45134
95377
87721
99977
21017
37842
30979
5983
58488
56670
43830
94313
6743
39845
70502
4909
11958
73616
84806
74660
86857
39737
85866
29281
86393
8774
64794
76411
85064
70531
48514
54073
88818
46939
66150
42042
19982
30867
91315
35070
40180
39715
27761
1684
14009
37105
75477
87104
50390
85868
99954
76616
90631
46179
76463
69948
72687
47968
66612
79584
73464
40356
32382
74296
34808
91135
44946
43407
87215
25004
28782
99331
5741
19431
48667
27696
81
99052
91679
89271
65227
10285
2319
68555
79107
84400
12609
79865
64051
89251
56735
61681
83631
87101
50775
54325
83909
28562
24400
70781
54975
23602
33976
51172
35142
66494
17048
63954
63040
2312
22761
43527
23482
52999
5343
96289
26560
23764
2307
8650
13577
94628
10559
79874
51217
84354
17523
82596
61918
28647
43108
93911
85731
32185
88436
34003
82530
40093
28173
8334
73612
70363
68310
83139
67973
49581
3368
90973
28291
16899
16602
1509
16405
87286
52985
89958
24161
33158
11444
41145
52485
78131
83731
6994
88670
93717
70087
78534
15751
24984
19100
5367
32633
28567
94028
89854
57745
58579
67085
67284
75376
67889
20778
98365
81756
75182
4624
43026
19715
7807
95679
4489
13247
31529
6176
80898
64245
17945
49429
63792
87160
13218
55883
58243
79435
14225
31885
85134
42531
60654
84499
21434
24586
69233
34519
3238
88928
17247
47336
57369
68700
42016
30359
87910
95025
17981
68271
66011
9771
50427
12642
41318
63097
86831
78302
21539
7428
87229
8062
45478
45789
17713
27580
19906
85814
96569
91781
20405
72870
48893
63493
27568
5168
6748
34914
1446
75101
15492
73860
44144
83877
55758
91793
40442
33709
10611
40183
3950
63307
13967
78851
74235
83685
6833
37390
38977
22903
4859
40311
77148
81139
53917
47404
27051
26946
61128
83970
36924
95465
34386
10276
18485
99303
36709
74791
71329
16026
76771
89020
47958
6274
82651
49055
64799
43581
61345
63821
47787
913
67885
11954
11409
22057
42866
90464
96893
21718
42169
16412
99068
663
13433
45938
63296
27380
53109
84072
39920
37379
94291
94000
19504
81709
93781
12823
22184
94699
3061
40155
73011
19754
50017
83546
47910
86157
61457
69285
44443
74674
82305
27091
63994
42253
63567
82738
82723
25200
42035
55160
62522
10188
95574
29688
62031
87569
63792
44272
41385
62065
85442
81438
56142
37635
55884
37523
88241
44356
23693
9440
44537
61815
45621
8173
10
19341
87784
19497
27475
80128
72337
83963
59603
72633
4128
73526
38504
24401
38434
26892
44117
63445
56827
66713
12496
68322
12323
67840
24005
64688
91386
52180
87018
26732
59177
18412
1345
36669
81335
70201
53315
40519
33188
55700
45455
69742
52262
40752
74287
54450
86621
65455
70467
76857
87445
43185
79052
51851
11864
49127
78391
27799
25549
80421
88483
37362
81265
56789
31345
45951
62832
93320
73896
47434
56960
77160
35426
84015
12635
71498
4343
91544
51191
22239
67268
89315
81891
18025
49559
29858
37568
83850
21753
40859
20665
62167
37752
15536
95585
29484
96848
73945
12680
8602
84342
3501
8825
90587
63489
22816
45235
84230
37653
85606
258
15614
60333
74262
89977
19269
33060
61673
65743
83789
84801
66594
78131
6031
54620
59080
27884
52021
64721
80942
97138
26833
99296
75475
28931
72657
15487
37061
54435
32330
25949
56193
66291
30385
74355
1173
50220
93417
12265
79623
2840
9398
58369
19918
58798
48656
45860
22238
53928
46643
60520
26113
46882
14259
43483
1249
23058
82381
58255
67746
18078
61593
47778
16876
69438
37660
20296
55622
68175
92249
61815
36030
80113
25223
92687
61445
43870
56126
12868
54071
97224
93099
40137
61400
23085
55491
56731
12314
5849
46933
51719
52699
39225
36279
35257
50539
14103
91874
97762
77036
94711
27162
33701
18354
66093
51589
50526
74954
25848
22686
54671
62454
18079
21825
47337
81302
21639
16486
53395
95267
12654
76267
4026
79412
35335
681
94134
61060
16946
43017
64852
23275
49815
30959
98789
59816
40607
61268
76194
59968
38639
32498
69754
3360
25122
95129
42394
35807
77474
40607
92472
36063
90979
15667
13437
32690
4828
56402
68428
21176
26371
69395
70162
1959
53891
1629
42924
1796
82845
7000
176
6413
35960
55201
6073
26553
61798
14423
47442
1111
79989
77458
54942
52371
31630
28979
49474
51895
27309
29878
272
33230
22494
45733
6993
94019
33520
55462
84557
15241
37305
63189
45146
84372
8902
51660
28127
50340
15325
48158
1284
58753
33841
26563
50040
74082
46753
19757
6366
54088
24814
84538
81494
4327
59542
50050
60515
80485
51058
78512
10462
26683
13928
43726
342
19705
33550
97177
61153
39909
18876
69459
10788
69027
14508
82999
90395
64753
2033
48519
79398
12041
74961
25089
18641
96010
72385
208
24318
10544
96123
69151
22288
19615
13278
21416
79062
62751
77891
16779
88851
98369
88791
47162
44454
54688
89338
97873
32571
56611
44850
4259
44365
1919
34188
46447
38806
92121
90897
2193
82868
20008
78913
82741
79194
71289
85903
70695
46416
61132
51353
52422
60936
28668
26082
32086
26335
73276
13229
55221
39307
8253
6712
90309
80071
3948
80179
74792
78072
57528
51163
91594
8635
11185
38232
96344
20494
17708
2287
81134
13848
96707
31877
60526
3285
59161
34737
76589
2945
5403
40763
96455
66912
77794
65175
80819
8392
89109
29785
53265
56044
31404
67348
19519
8775
99503
53235
44715
51681
70397
71442
26947
51072
53672
4794
6824
56141
38173
69719
2177
24994
11521
96600
99596
29070
18711
49219
73327
93733
60703
92498
1549
4070
93112
82158
66292
39306
68710
98822
9042
90342
43119
21036
87144
1277
36351
24524
75191
63974
75851
52714
65815
56821
22898
45975
2279
20392
40192
18576
30206
10992
63692
3187
40224
28602
64545
43390
50540
99673
12954
57574
9682
30162
81319
26160
43714
79140
21900
75504
75679
26098
56904
52156
90643
15118
33778
72524
61308
28963
24768
53809
99844
7519
81634
86607
52526
91771
52363
60952
47820
94793
34607
91686
20814
28345
68808
48692
61269
21160
6099
70394
62757
17189
64151
29123
80921
17121
27750
23500
76112
10515
24923
22236
41157
97093
70563
33882
61820
65470
39257
55376
86392
44780
63562
71450
52618
62062
35287
10827
42820
4348
6072
14812
40172
17620
76733
31153
81260
43618
88944
96907
14150
51595
51574
1763
13380
33430
94933
30889
62829
66166
20783
21402
90900
47704
17805
29143
22667
73734
10295
42728
87157
31702
70559
42060
6840
46387
75357
2875
72913
11430
80149
24955
32930
28960
10709
31515
52838
99366
506
80368
70469
28633
87443
99401
48483
51648
30749
54993
64019
38165
43405
84480
87754
20618
28876
99902
5710
38454
91388
77270
63404
75167
91289
21458
22216
88773
60827
38617
62159
73673
42136
41346
4201
31480
19622
59987
41035
18169
89022
83962
69704
49326
85308
76615
98696
90794
18499
54501
99184
57392
46621
67380
78625
91299
67392
7300
57309
23919
69485
6223
21059
15443
93778
80531
4444
90538
78734
65642
67182
25877
6196
55432
73902
28998
57161
37649
9426
22379
47560
81013
78340
3382
16773
71370
17459
9605
59759
96067
7108
3826
94414
52306
62406
24217
811
57367
22882
73217
92975
10948
95825
47177
84964
53007
5991
75185
75160
99378
88398
13602
70559
54979
51534
70971
89432
28971
90631
43289
58504
63430
36897
2402
59971
16982
17019
3214
63657
70115
8352
97074
24812
90771
27639
19850
2672
13442
61177
26722
99852
59998
99070
41346
15341
79426
13968
4084
78425
5741
89377
2963
26288
40190
33209
94834
41807
73167
21863
47366
94511
53835
64728
14768
31210
28812
88134
4363
85309
46517
78568
71438
24329
96873
70343
53919
23284
98311
47600
789
30764
32483
20101
54568
844
5441
3278
36151
81463
69680
51694
67157
41856
88449
10064
85104
72876
50467
24896
70624
50128
46045
19478
37801
1620
46183
39341
52301
91705
58245
87537
97073
8246
3296
19799
77642
82334
37987
33063
59588
41886
92015
44916
69967
4450
58716
53004
12230
99895
70764
91114
37757
93323
58989
69545
60934
29201
42220
97683
1696
45824
27632
31352
85917
10683
61498
6650
14831
34796
84215
21733
38478
60169
71903
1948
46408
27544
24269
70446
54566
2735
70011
16936
41430
9876
62074
92004
66714
5411
7211
59167
49805
11054
62205
51367
97133
24734
62403
7603
85258
12664
51537
85422
67945
6619
85619
79691
95925
23174
57930
22620
1891
39638
71940
10493
90688
89261
98391
35595
30233
61230
17146
83763
89862
389
93375
15269
12501
98020
40337
72070
91023
79367
49094
8517
95656
59289
64609
91205
73736
23632
28679
49273
74993
29395
58619
70671
83149
30748
68664
95523
68694
11128
1771
88436
64993
2122
81227
44275
41672
86000
85206
48151
89458
18302
6857
80558
3201
50247
11195
50542
11639
8058
85590
56106
20518
69544
20564
27648
42419
83619
51698
14574
75974
97506
53299
45093
68273
64418
57620
77750
2554
78855
90599
24841
71079
72352
58350
29741
52869
60008
12150
57386
90965
94920
35502
13137
17684
56441
61858
26005
17637
5096
95832
31635
57021
72467
71174
36428
82218
47503
48398
42675
75041
46412
95096
73250
56131
22960
32586
58375
56139
36544
55462
10492
25878
58558
72576
10612
94672
10635
38587
70193
34167
12365
21343
90483
22158
36684
95416
29707
99520
7319
87598
80493
44751
48612
93213
35556
96824
65044
13393
74943
85541
76916
44959
59049
47887
11616
17954
61431
54989
71394
70513
47162
75613
99480
61146
32468
13934
66548
96157
57511
30376
95836
10759
27881
54712
49554
25098
45684
61692
5102
71477
13657
77416
49832
3669
1077
98802
78834
78600
93820
84576
82081
67833
62290
33324
17548
97981
25561
59280
18540
17161
1956
76596
7300
3758
5833
59634
58715
68562
34197
14946
71524
80236
48730
61703
15423
89500
68804
43157
83896
48933
6889
81469
91852
65767
30462
19926
52492
36125
15654
23402
99867
57296
2213
59610
28562
52758
44435
10127
95874
9867
59245
72286
48089
42666
10597
97079
35005
48712
79321
40011
80470
80717
32769
17143
50089
74224
2466
84945
15166
6061
81536
3437
1859
42470
63632
27821
745
45908
34187
35747
99564
31304
11038
86308
86961
12706
2526
4204
28999
52780
86681
15975
96304
32213
28936
5955
33497
68006
62881
8912
96325
85442
90089
7504
85160
99038
75687
72577
48527
76154
78419
57988
75581
32252
56845
44841
77583
45928
97162
49593
8481
18334
1160
30336
3274
81808
93475
20725
15010
75741
8577
68743
17605
85711
11784
59045
23919
70510
13295
56202
57222
14047
39569
38564
5368
12316
6686
78751
95065
48433
35339
78547
34766
45072
42666
26919
488
39154
61461
65472
99944
42059
88004
79722
31009
91497
32606
33729
54588
66536
14252
61212
3028
98004
21128
70231
27169
57117
39668
49980
4466
33072
74024
86126
90995
73240
59427
10769
41583
22672
6050
65369
85710
23075
975
8749
61567
45538
91697
21655
67378
6146
58273
55372
23516
43631
90620
55731
46237
53457
18324
16339
95518
26714
49090
64221
28915
88008
84598
26035
91425
98077
20687
8179
74329
20537
8294
17029
69570
70033
86500
42237
14901
44206
34739
77932
65186
37796
23794
61962
97680
87021
10755
62072
71361
68482
5470
25045
60371
28949
88968
95135
8771
17870
42495
73988
73901
16576
89292
70244
70446
2695
83483
47908
83594
57537
99462
7122
36681
2694
22541
62288
74845
73221
33474
15871
69599
40796
25793
98826
9527
62771
38877
40907
25625
21846
69366
98174
1932
65358
56390
12768
72327
18298
30970
29571
33269
32495
69214
81521
17047
59145
86737
19482
41160
52333
40440
7613
86428
93277
60974
6031
75201
28438
15641
2730
70792
40458
1880
4437
28573
97909
99320
78540
91377
95742
42950
81932
13913
43020
52447
37277
44495
94466
61699
75036
9398
1433
61704
59716
49436
30264
6474
74873
3000
27314
58432
53872
71890
39069
17290
91198
56290
