82012
716
18108
62354
33155
77462
18643
99870
20087
23082
27354
22194
77090
78685
89158
20380
53577
23778
70562
83683
52555
94405
9636
17232
23047
67302
50427
58778
6139
15861
78116
37292
79079
97382
32988
32757
72783
77425
8912
89484
17567
13898
84368
75262
69097
62552
46850
32470
1578
90803
79474
88967
50890
62111
98663
82745
41026
16832
75697
4653
48888
87256
13150
56591
95366
96484
4525
11895
92089
34672
57242
83164
97909
72434
65367
83542
29014
54058
9179
50606
94129
31412
56468
34148
30393
28166
35865
59229
6333
57228
59578
48167
66222
36446
22009
2090
59551
7451
97969
24268
21349
38821
11860
84961
66718
53400
50419
46638
20398
61736
36951
19704
18660
68054
26317
47694
25915
44718
43069
18288
98108
58625
67675
85146
3329
21722
51286
12433
89236
81022
77199
35336
24086
5189
37796
67695
98812
92496
54921
9465
11636
98278
15160
5353
32581
69967
15391
23896
97396
48652
57688
50566
40707
12304
93079
50587
37908
59359
29212
16664
76555
88930
98024
6750
89649
3652
42476
70970
37205
48845
75548
48684
38221
52408
97539
22387
6362
40722
86481
83096
81545
2546
33999
74707
23478
14927
94258
69469
61099
61635
21838
89747
58759
25530
85378
51427
61209
56278
59217
69431
81707
22755
22833
19899
17660
88562
60796
47468
57094
92980
26500
80639
82558
57076
95236
25835
73529
19122
6833
41141
31019
75448
2543
32182
99275
4026
83360
10155
41011
60015
99607
89560
19684
18310
29355
87321
11686
65255
10375
90183
61548
27112
61630
50436
27350
45864
70779
61603
98160
97932
99991
29911
60856
26899
65988
9878
35517
90999
5510
84649
32931
43555
96481
65907
28194
66828
26318
36219
73806
34093
66983
11672
74194
15267
61825
31833
94422
32577
64026
76686
98527
73745
92328
54614
14165
64584
20785
77861
86208
933
61720
8498
91211
34790
48501
58427
3819
42310
63038
98645
29689
37335
37345
85428
93883
52824
23700
47442
23585
55891
76419
20384
34730
61078
45032
82503
34727
92491
71897
39097
60055
65526
47003
1593
77586
9611
40853
45732
96578
5066
13055
78298
41003
38936
43705
40205
82666
827
37112
29701
32027
12241
58395
22669
78485
24782
79900
23997
67249
38096
71074
48773
23944
77472
8786
19059
88090
69544
47430
12162
85994
37323
4918
90559
2086
3205
77811
10521
581
12161
68499
16612
45834
3729
134
21449
51813
17517
94823
31758
45336
89931
4174
20989
5174
74423
45250
49076
6503
51663
61964
76169
97737
92542
4998
32472
21969
54099
28114
20202
79983
15997
62504
79875
85007
21925
20295
18409
36956
1832
98445
67916
88543
37648
30178
50102
4165
1198
45710
52368
94782
49109
59690
81710
95106
65654
61460
4376
2734
55092
11324
89878
59244
51395
3739
2072
51377
45890
5252
48639
35839
47730
80658
22795
13867
99794
57089
47042
39321
92057
45689
52474
6339
12943
87973
10819
74617
97127
65666
74068
72418
80381
31891
26576
10720
91880
2513
24597
68113
63517
99135
98977
39122
384
34971
87329
74559
52199
69521
61367
4246
33100
91338
67687
9273
68367
54753
12030
91153
81606
72854
47328
30608
75842
93020
39148
77135
72000
40685
91822
52950
19656
62621
54594
6426
25221
80235
44256
98912
45953
44116
14504
40768
77437
53122
44714
10437
8522
93122
82674
50736
6599
25779
60847
64924
78615
21146
1215
349
86622
54067
15065
46786
5816
46050
45238
76281
35734
70727
94780
85297
7765
47471
71561
22427
73181
14279
48472
91338
69940
45740
32435
67449
66812
37630
14230
45611
40912
89107
56283
44078
73974
60487
67368
25049
27584
49521
87025
19956
549
20049
38602
66359
29912
91078
22446
21067
62466
57596
4549
44876
72993
87010
2677
37040
23003
59674
79112
92897
48928
54665
37686
25350
73308
77230
83631
13504
95382
13679
54695
88528
51465
82575
36574
64054
60796
19709
68843
67540
91391
77894
16036
40273
36452
99689
48781
91033
52824
10059
76283
38817
42205
48673
81635
72617
66309
96715
87779
86810
60237
48417
69549
93135
1556
30468
14156
61009
66870
18455
4148
30106
76521
60135
80202
7066
80947
58437
61901
87640
13478
69109
97216
76272
64569
91167
69558
74363
76773
67906
92568
38828
72889
92264
81365
40119
82490
70005
29255
30028
78810
91577
99262
1409
80435
99589
81419
61774
19105
98618
71979
12113
63673
68477
95502
89969
48234
79110
98147
41792
84847
57976
79266
68378
55213
89579
18837
99338
40975
89957
62628
49100
43644
9063
97692
86797
94770
71267
283
69966
1889
8396
88282
48488
79142
50566
53495
5417
43938
65596
62334
25532
68727
30384
48084
54983
93087
85836
64800
65742
21704
98328
23606
21717
91952
4869
49217
3106
97720
21286
98989
71137
37160
91614
70254
79009
29344
34388
71696
66971
37078
10691
82332
30067
28209
5102
30243
15480
10753
40721
67274
15749
76728
72914
80274
66346
47497
64886
71107
44196
4572
96817
6549
2505
27947
68437
39675
54944
13148
37227
15116
23244
75291
7392
43599
49482
15570
55382
39970
16016
64744
39196
28135
24181
75796
67512
68492
96751
99101
95520
13302
38712
41744
94184
11081
52906
17532
48661
37590
91305
88397
68144
31425
72384
82019
30166
62637
931
1134
81005
20839
83155
86600
40497
89228
45185
61359
33837
43608
2282
33182
67525
51148
11072
28328
78255
23003
99273
5200
24546
37009
71328
45991
93638
44320
78234
97891
74955
53129
79427
62520
54550
64740
39559
12437
72278
99883
84524
71838
97205
12905
69948
61250
56810
33050
49153
68568
72811
92479
89545
17851
19967
87810
22025
92319
78929
51392
1086
75374
19873
46839
43054
41284
95093
8845
82157
26723
31853
14586
21404
42260
64276
72372
6476
91707
9554
55669
42496
64405
69374
30475
42767
52273
60977
31868
32201
94440
63030
64499
30129
17594
30205
49451
54089
6887
62095
72503
57868
76550
48955
70156
3412
22213
86447
29868
85787
31198
38883
24848
27199
10035
59855
53233
93727
73286
98908
99443
78018
82679
94968
3694
14135
21370
49507
20346
48662
4404
62247
70230
12613
51058
35460
29557
40055
71174
53417
12486
63760
26495
45855
47871
84995
51812
51167
61189
89372
33485
42308
12283
54553
32319
38395
964
61139
46177
407
67190
96923
25919
92865
66525
3295
31355
2284
36041
22251
56682
42406
27606
65580
6994
53771
93206
81713
83006
40148
26845
29770
46972
72237
82440
65842
20948
867
22922
85417
3685
40700
82709
93626
253
80001
57730
19548
3700
92182
50269
22163
11654
50379
75439
76854
14923
17739
28745
27211
3893
1265
47883
9903
2918
50042
99566
88210
13963
51637
72500
74398
26040
43607
30858
84504
22721
71340
24630
15616
77779
30664
66947
68051
94541
45435
64327
5424
19806
82146
49549
40119
82108
85562
78435
5996
16766
75792
50402
75739
7479
45876
7701
35574
69200
67916
55049
43194
1344
7461
66832
19312
2826
11044
63505
85007
74035
84858
79407
65182
89823
78806
63956
52279
96583
66996
25595
64583
52089
71891
59447
37139
3181
2820
23010
63348
27711
68639
72262
291
79565
29648
5986
69327
3310
12078
42746
92459
85805
37868
17566
79653
10946
54761
1908
52593
79851
79874
36644
1508
204
68295
10881
56636
69504
8586
47855
85885
86426
46611
72853
39318
38941
84305
3489
78690
79764
86220
9426
16619
81070
5846
12230
72969
79322
60896
34464
81255
94875
42056
57205
69062
28553
45615
40724
68027
22180
40201
56784
33780
16373
7790
86123
77529
96578
29325
65280
41037
14702
93024
59053
79827
92491
81851
73499
49805
12509
17374
97292
3647
61196
98186
43616
18610
52261
12528
63076
74645
38286
79717
16824
1310
89316
92306
37114
13614
68083
69767
91924
66803
56273
5071
64127
19303
44727
91263
16243
60821
95581
58121
74412
49083
31953
83277
27994
13099
76340
75662
13765
71532
6001
82242
42779
33278
72955
80516
87416
78491
3233
66564
84977
93048
8881
28221
90845
97259
2439
4423
89056
75302
82575
68483
4149
92737
16447
57268
75895
18710
79306
9197
29964
78950
95298
68645
57007
2553
75629
52455
81656
18403
7299
85222
82282
8737
5313
39662
13241
60547
40941
63094
91190
53764
98215
50993
78041
89844
93832
43587
76522
48279
29082
67889
47212
30918
25972
55825
59014
47795
88016
7937
27054
30153
20618
86739
13076
33522
29239
76774
90505
58963
54304
97168
55755
13298
11322
35255
45614
18488
50339
53151
40008
47376
78682
67101
46872
71311
58491
44362
81300
83630
59863
5460
47855
63251
94508
27694
51203
13870
55686
27432
43616
58367
91761
87897
88177
25589
43098
15928
95751
40080
74913
14251
65604
50408
8637
37078
73830
8775
67724
25493
5967
21969
39125
14597
56461
59716
14748
47836
88138
41882
43777
34649
58674
67179
9558
70422
3644
5776
79803
34842
91096
19362
14872
36939
82355
30305
63670
29760
2730
60944
19354
32885
65673
33054
46143
67064
95678
55136
33967
21568
85886
20377
94622
90077
75091
39451
2051
1066
38050
54119
20307
23903
50133
45745
86204
34243
89609
16351
92731
99839
9046
55600
14714
91726
41846
32121
10218
88560
1428
55755
86200
42206
51571
36208
45103
89015
84120
38484
17419
62041
39669
86624
42485
92140
80402
97825
29408
10584
59322
40199
92062
71062
70463
92202
71007
50980
27115
58631
73928
49426
85637
42216
28588
57562
73660
47138
45066
23341
94003
49976
32514
16455
68937
49277
93813
91780
73860
58294
69048
72429
1721
82717
22708
25835
91322
89282
35358
60124
54172
46508
45390
57698
70404
47453
96062
36409
30830
75060
35809
74305
72762
99116
97853
98841
77075
26914
44198
10221
73501
4724
37081
26278
25467
16324
49297
47360
22778
10460
70730
45401
72509
85067
65424
74756
80709
46765
1410
35325
62461
98313
95625
88536
92192
71924
9039
23282
94695
48276
15838
90089
83891
85343
47062
62408
46707
31809
80297
86970
7923
94555
22839
32447
87809
91081
40898
55132
17341
54748
81037
16557
77180
32102
70294
70262
96665
87701
62796
12599
15609
18390
26255
11677
18361
37979
50371
93237
41686
7799
53456
49404
37081
46085
58938
17490
20285
69641
11223
76205
71998
50766
53394
27882
8576
40719
36028
27806
93273
26673
23081
39466
56028
18221
57422
34285
42947
75756
45205
77459
80952
35786
51642
50444
28064
78909
40422
17623
23781
51567
26309
57469
42750
27623
72166
88218
23421
23399
65614
48885
97588
59694
40986
61553
94501
93276
3471
50877
22405
83254
14751
17030
23469
67680
63867
63564
36733
22151
30831
36945
23820
90689
28735
36974
87888
36075
75772
82400
78950
48338
43362
48415
17119
14894
99185
15760
34408
78664
30022
1648
61076
95773
85430
5328
45160
37146
13191
88001
37794
79271
88618
46373
65479
97408
80088
6532
98376
19838
66216
28992
14416
7509
83243
12416
26861
64630
91940
71881
16376
47701
61159
82667
31362
40005
14317
97239
7229
3487
9681
34767
5093
63873
29899
42837
33033
56051
38694
49381
43290
95493
66015
91871
8046
5172
61244
12540
29713
29259
51655
30914
18666
60486
27078
82610
97061
74162
14873
48639
77154
34704
88495
74329
29433
25145
74084
42279
26599
74715
1627
89427
13722
4642
20820
79296
4758
52722
34571
34934
25345
57808
5325
99134
91121
21568
57623
47273
7952
20328
26317
10506
73097
14996
40307
14820
17650
80851
61387
15550
45141
671
79884
93908
43453
14746
49308
72295
89146
26163
44234
63380
49456
52520
46730
88577
93442
70278
1902
86643
69111
34635
39549
76094
93702
89549
41330
74612
96516
39955
67668
27295
59175
55681
70541
69385
75253
23025
18634
38648
14766
80860
35310
7576
54195
21241
5811
95184
50673
47452
12030
29878
52558
82240
66718
99070
87663
68351
12161
3661
14243
1981
60338
34093
57136
51333
80306
92921
5848
25387
19986
27128
25863
32689
60587
22182
57084
77445
15547
52398
80306
25639
67421
86356
98089
33769
98147
30126
59606
34607
90674
82867
14116
76821
66073
67340
16037
57008
76879
73063
60153
90317
35113
63690
88217
92693
52821
3716
32993
98930
61559
78783
2008
86763
65085
56530
23741
3051
23040
61043
99408
59328
99162
88553
73017
15872
14174
75392
91065
66085
95480
46006
56748
28601
86594
46162
63384
845
96736
58068
58260
32259
41786
19335
18968
43147
66835
48851
25437
35242
19306
85328
45936
57015
29293
373
75608
29024
91732
86925
86081
47497
20353
81451
91941
20852
11794
71701
4631
732
53280
16955
63275
92347
47256
60683
101
22348
26964
44605
17084
72715
39861
15369
25163
29272
35774
92569
40820
31226
56208
13432
4689
93632
70494
92810
27641
38979
71500
30037
81803
60519
99977
57693
69913
40512
102
61998
82932
15473
47890
54354
81872
71344
18995
99810
57300
65862
80547
34073
14817
7602
45349
56580
84093
41005
98722
57110
32410
41800
49541
98680
46119
241
39887
35422
22963
39413
61719
21428
42745
1887
45218
38647
43885
25375
42523
66624
20065
51942
36623
73851
99924
40845
77223
7542
25880
50805
22019
6549
26334
66504
83312
32834
87424
18207
43013
71489
6411
4702
67360
27426
51591
24826
75352
85744
81733
60922
85150
64518
80964
98139
58805
49537
17311
91757
63947
14705
9590
62203
18035
76905
95416
59656
40001
61045
84202
7381
25505
70635
17239
66271
47220
45595
1683
88677
92648
37248
68173
56295
15410
28152
87601
76809
48651
64976
38360
91127
97284
61593
21453
74723
72999
64087
77084
36746
89132
24631
11448
99797
57525
76096
42313
42556
88423
72195
2289
78244
63461
89005
15258
78120
98634
61819
74174
13845
17123
60236
68017
1104
33479
96818
78479
99603
88244
35650
96990
15892
84327
4588
39424
39334
61751
39044
29271
75384
50798
25054
91956
97788
13509
38009
61823
78883
67483
12338
60573
23139
43378
30393
93056
38842
903
88704
22449
76684
11084
50448
97042
63721
12451
94166
44979
13322
89593
58651
73076
94233
60028
17489
73298
30160
30235
4585
17455
77562
92408
42177
69570
41878
65836
38682
37048
69659
3160
1128
56422
60309
6084
18787
43661
62572
15510
7995
59048
28869
20752
50952
63860
22786
34470
67743
79452
86789
67674
37056
97857
50739
1430
77324
130
63219
47366
13013
27406
11509
48783
43085
2083
17903
48784
17888
80097
60963
98163
36862
12241
33564
42384
24816
68683
84087
72991
93324
14057
57631
4439
53316
53158
90448
32552
71736
87985
33309
29361
49420
36436
8974
7199
6772
99612
83105
45348
98795
91684
41584
91631
6339
67554
44403
82413
33879
7278
97052
11067
75453
6539
35617
18663
85015
81971
88855
21027
44648
53155
78393
7108
2660
50816
4104
58589
93856
26500
21580
89139
83176
98793
23513
34045
81071
14705
90285
24347
39361
94416
53333
54255
53685
6326
92016
21724
75006
76765
73323
84665
52704
3915
83691
57554
16448
47780
23945
4604
48501
46320
51383
46995
49690
60836
18433
27314
38309
88048
62735
41645
61425
43556
54727
79918
78072
76032
60879
70571
42813
20374
2896
93057
85893
76766
31286
77679
6245
36214
83155
38385
15063
56308
41412
11350
28486
60810
31756
8545
3465
27892
94652
48185
92365
20768
96340
16333
42442
7195
86978
40712
88887
77364
62345
53068
45466
14607
26270
71502
81688
35273
36012
91790
78634
15843
64407
83954
50672
17229
88829
63390
42336
32688
65529
51922
2103
58039
59361
71807
20496
2299
53903
28743
46770
42186
19516
94608
98499
68340
80008
47685
23451
32369
92567
9226
68627
6450
64533
43673
56860
21890
89690
23134
27916
87321
1993
4523
16212
36990
51474
43065
35853
61109
90103
46364
43216
11116
31180
89025
96196
98302
14359
67654
97874
49763
55255
84214
79797
58229
75714
60353
93390
45278
52422
3700
12947
65923
86576
92569
40967
28199
89579
8238
36805
51517
71457
64058
89878
94639
8413
466
85186
68324
10448
35143
93315
23217
14002
49608
52533
73215
21857
76412
67625
14964
54245
59220
99065
78081
96404
4593
59030
2824
62865
78994
33949
17415
20014
58839
32008
39141
52499
55415
51744
57848
89079
56378
61552
1841
96363
54452
37877
62341
20662
34495
9170
41528
26619
28467
73312
71336
99159
72389
53923
18067
54534
71866
46295
20134
81029
48134
94121
54468
62930
74117
87938
46543
74063
54260
79038
31062
47238
90701
7355
17690
16486
58398
37325
55838
82668
97733
75854
95307
46269
75594
76211
3870
45775
56953
75673
35151
47112
44090
35518
34431
15934
9487
45421
69820
68957
73321
15089
54899
92551
55655
12938
29172
49493
76269
19998
59259
47676
5629
20582
54816
56075
67700
34697
78172
60144
91235
4071
15062
93371
8488
84523
32233
35227
60489
58308
95892
80228
53133
19917
1375
81553
35319
24519
52836
73990
33567
4264
48737
87311
78799
10445
8281
12452
30743
12971
10561
90190
12909
90339
7822
10627
64549
64340
96153
13165
9352
70059
55499
59496
59796
35957
72747
51466
50512
68469
72673
27518
97354
72976
93190
91753
95087
74854
20522
67885
36967
96507
65442
15435
69386
69715
57612
82307
72867
85053
43776
58712
86079
49574
29653
23023
87762
27150
64172
83317
13223
76408
34173
98176
15745
5722
97341
22958
95858
50869
62729
12938
22807
72286
26289
35309
6319
87291
60963
75776
66135
23465
63795
30400
38563
89274
69925
86490
15962
33404
90967
80118
76526
53300
34893
44593
19639
82186
35098
50530
87404
926
32231
1118
67965
8152
83076
42486
43119
50653
72809
93694
31637
36381
87175
75977
95399
63466
64175
50000
3458
93955
27935
23665
41916
68334
5029
95892
14210
22564
54033
67081
29872
45413
70395
89197
21387
2797
69966
80364
23967
32831
67792
41696
85233
30909
38702
93527
3488
17754
47401
45523
39388
94022
4471
64362
33155
70793
94040
89838
78068
55915
98454
77735
29746
46255
98423
65628
81399
17376
44163
55409
53426
12644
556
88810
58526
99021
23326
33870
23745
16846
76261
65383
32446
47659
97269
77093
5527
24937
63643
72738
33954
90980
5470
67232
36198
3455
69520
29007
8275
43158
51511
939
60380
30768
4946
7713
12114
58193
9226
35122
34302
41643
66968
42513
36410
36596
95149
1062
39852
69874
56033
35637
30880
80339
99515
73881
91937
55482
57210
54633
21780
48915
35134
95772
13874
64968
10422
78793
80256
94668
45671
4200
26412
12020
44021
55124
17093
87174
94193
23665
90135
83977
48351
66986
77666
5276
80003
93940
53335
41667
88936
25583
31151
35419
94348
1610
30791
41167
44555
55813
72443
23491
44903
63186
89598
24301
5137
37877
53459
1380
97719
53995
14092
88753
18857
21478
6172
21282
40137
56374
66939
68445
86895
72004
35574
84146
53910
4344
20976
45449
54631
77146
22745
36698
17055
38869
42344
63483
27840
99223
32984
42324
99377
54838
73661
59150
30163
21709
2274
55082
26017
80867
97025
3023
17666
56685
6174
11195
1775
57737
7840
53658
82619
7787
48876
72053
14372
37269
15551
66625
10485
27007
28360
10296
34613
78775
3937
4133
75120
28834
1128
15129
47039
53376
44126
56410
83670
16013
3898
955
68011
31043
33579
63815
41022
41405
89865
29687
99529
12279
32471
59107
87653
4017
3031
53141
66198
17490
17481
57465
90708
9577
80994
51728
91992
86831
29061
10244
92607
36521
46208
12278
90462
42633
10950
46131
58434
67763
88036
80357
21378
80925
59650
40166
30916
91664
14425
67215
89064
51404
75179
84046
16341
57767
88643
30646
96446
15733
53482
47440
79409
81156
27907
62512
7100
81215
72228
12194
44220
178
65937
72547
49379
3821
52471
61420
22085
74561
29665
36425
1919
96167
47195
51176
54757
28576
83457
41869
48551
75895
25922
44867
44543
3971
72535
34988
13113
27528
33914
67161
6559
35645
12996
43765
29920
95881
71687
3739
46429
7815
89925
25385
65456
18664
85739
11596
10041
9047
74734
1722
62470
18071
62464
37151
61182
81833
54255
48015
48458
67402
91323
83003
20416
38521
70897
18110
86862
98455
80104
28855
76607
72390
67127
92401
74509
80692
38898
53341
28228
3217
30527
59329
43055
72155
71161
75210
94945
65371
84896
78141
33793
1512
10683
20172
18067
77002
23020
55204
76671
18201
41070
12962
72801
20612
56717
78598
71532
19437
96385
95967
47739
2577
96041
96422
65334
30789
94720
72263
63581
81532
69599
83290
51348
64742
3951
88560
44011
32211
4616
85385
2249
92789
31691
56962
75445
76898
28185
94859
86592
22936
72590
15223
37938
38428
16254
45965
12527
81659
51402
93627
23686
73617
47742
92746
92406
27784
99242
4044
1629
92792
96923
50994
19711
57933
74230
27738
66991
94054
26128
5030
36925
25978
5197
54344
61980
68629
2707
40601
45231
44736
36074
19529
81007
7390
98706
13360
82427
53618
77633
69859
45981
56702
60247
26370
81845
39367
14912
57839
4260
35860
81894
88697
71255
15445
92976
25430
27790
46241
86268
78031
14664
21719
37716
35349
44141
47366
34799
6385
56440
40008
56519
88153
68350
82025
50994
82303
43711
46149
90111
12675
23592
11440
57519
16585
53539
74351
65518
15685
32508
40803
97708
14323
86960
52326
62365
91107
18164
2958
59017
25809
77471
65934
86512
25299
10581
48764
43070
29195
55858
25389
68871
28700
49295
86876
18495
40122
93363
37194
90232
90
91289
23264
68857
12520
64346
17360
92632
8504
94487
24665
91732
98388
74438
40392
98673
78452
36566
86011
51472
19147
34144
65474
21162
55582
56652
15903
53290
26320
1309
96588
45892
26232
96058
38139
94262
15412
66426
46744
52665
38967
93227
70123
49636
95997
72128
71482
63389
26688
20948
22668
42012
61347
831
77063
58719
20299
40116
64187
5348
57774
19892
74040
742
40163
91315
70137
78838
6297
73764
39748
58741
87492
87332
89385
87948
15090
55104
54216
32297
17979
56612
25552
79702
29079
38754
73538
52535
40521
85115
36340
71968
57849
65004
42001
89841
46048
94359
34493
80623
97692
51693
77591
75296
20195
46518
45463
98658
19541
41949
31447
93736
57098
97626
73645
24914
30986
78397
80150
24840
30971
79636
45583
60948
52053
61177
8189
29689
79794
85403
10828
6803
20609
30759
11765
89292
84825
61076
68568
4728
86826
11656
2441
91118
43824
73801
88903
4676
6657
34532
91687
13958
8134
25652
69775
15986
20006
18159
53055
66675
29053
91155
15178
86615
27307
24008
77441
42863
18761
20082
16689
26692
17591
5782
92003
76848
17745
53286
52257
66336
37408
77643
7897
68356
2412
45038
68346
34447
98063
68611
78586
44562
69093
87346
52026
97520
29216
13475
2721
64157
69975
69477
66085
77912
17726
48156
14409
74434
80402
29605
41600
4473
61259
65607
35664
26166
37811
34391
32753
35648
58069
47111
93908
40394
94095
45677
53569
37424
28194
55276
22840
7401
1704
57249
59065
34121
92901
7628
65183
94390
9557
54841
58728
35589
25125
48522
34352
9425
35422
26915
99738
72439
69469
99473
12208
54032
97022
99704
97090
81004
1206
59575
43050
60359
97503
42138
67216
78795
46414
63932
25930
9282
36352
15511
23547
31574
4723
82858
13436
69192
49842
41573
16345
91433
37544
78644
818
78679
97750
71494
44161
31128
96575
1721
53627
73580
64480
73091
91791
8338
9629
47391
78764
80666
12695
54579
93728
962
76154
67802
36826
47279
29394
37427
96657
73002
92317
23748
26270
61524
15995
17228
10787
41799
32707
24612
28143
60811
36912
48593
32378
47698
8440
14442
17451
98001
74236
99680
67961
27067
95451
74574
97709
86971
94818
36990
15847
34382
18974
60310
36152
96314
28978
861
21004
99727
39204
74126
43050
84729
63569
63096
7188
36479
25825
783
33545
82043
77237
92211
61834
39446
38621
47002
51034
76703
56230
91261
32414
61608
22609
47132
68643
69566
55646
52143
93311
77411
20583
74826
74864
15721
91657
84267
43521
16684
71517
6563
3019
3981
65606
4383
5688
7655
20706
47891
81923
62864
64899
77282
25723
8334
1784
29900
31557
73299
41988
3635
47041
12150
78736
56972
24325
94223
3644
99103
85254
52591
29520
61083
44118
1754
28177
37018
27655
68322
42640
7467
31725
57185
23420
6562
81857
52403
23703
57784
27297
5997
23846
12096
70485
23870
21506
70984
48973
44096
68940
76392
54151
35899
76254
84938
42988
75639
51580
92725
25978
58171
64296
33976
43644
17031
75989
64144
76533
23082
22676
72182
14619
5505
74474
75208
59904
42509
50147
36850
37165
44271
44703
12505
30087
8547
31274
49924
3379
84790
30634
62535
95701
96710
39921
79181
33300
69333
58963
93121
40922
65928
18417
43993
79831
4738
11347
16320
73125
72344
98293
35711
79815
51441
42424
44487
63082
52572
44025
52733
76685
55758
74335
36962
40861
25814
79758
45886
44281
40127
84344
9801
40885
14786
24947
46549
95738
99205
22310
13595
84841
49523
15229
79777
77920
95481
63772
81061
60854
81275
93039
17225
1600
39121
20320
30523
26582
64385
59586
52255
28623
27738
79786
62427
86281
83178
26494
97215
10150
41117
34630
99055
72848
54770
20798
11854
98748
74971
63853
48104
4396
30130
92240
65213
91407
14579
77616
63397
51267
87194
1746
89092
81467
48857
12461
73388
59355
44597
15062
41
2016
12606
17847
141
89629
2953
33534
83193
4287
12876
3857
21220
22738
34550
75104
77451
96285
76872
59635
25717
5865
18804
56898
15682
64159
28272
36739
23088
2127
3255
40286
55209
50764
87165
98717
18476
50420
84044
72319
40822
59182
75840
31116
5485
46668
19963
18626
43273
80560
84613
30989
29823
71467
68036
91862
13996
65184
77844
42098
68250
90152
66308
57435
38706
89614
57613
9948
51134
88378
35663
51398
64281
78219
88233
12064
67702
19741
17109
26907
33130
56715
77374
77251
96087
20334
28446
43601
17941
53315
35481
8477
83647
32586
57488
4049
14200
41290
3234
98201
16408
40691
97830
25015
26295
51420
91581
45459
50420
92042
53175
7375
25186
54482
84613
88536
94000
87957
1111
10104
33683
62922
77009
78217
40147
9562
50446
89188
82447
3109
52369
2360
5741
21922
32004
98358
51906
28803
624
28488
38458
83798
17207
41218
38469
10216
88401
31440
31295
17733
85313
27535
14873
91643
71699
19097
22537
33980
41620
15096
95595
61633
4302
89179
20018
93707
91519
2598
54384
48165
4757
35843
74493
82694
5128
6199
71015
7699
12563
3984
67511
56545
89649
51578
83676
64792
77968
53009
49078
1555
93749
56752
92673
44131
95660
26504
54043
70739
19817
85292
404
53351
80576
49801
90673
31166
18909
84883
79165
42998
12801
93371
75597
41198
11034
70333
53870
24710
13566
43029
49070
99875
69860
61265
83619
48656
26111
81154
94299
24990
52919
99468
68354
59307
2630
7037
9418
92673
79948
88762
7130
20629
95119
33109
58773
70352
54258
76123
67045
56042
84177
64362
40260
85586
85078
54207
87207
9034
28571
52493
50440
91631
82397
24426
72398
54807
12442
43619
43899
42547
47527
98608
45137
90132
67920
66722
66370
65418
32012
83321
30868
3239
72027
29906
82509
8001
18080
63902
1152
38487
15061
83502
16403
54955
20688
68873
94124
37485
54928
7680
12984
74297
65955
8153
37848
17719
6072
88807
1417
33312
72763
5083
70446
89408
11859
87124
82236
64375
73076
3601
26114
79225
34369
38343
97971
90709
61506
20239
29009
84659
89437
86614
77879
26710
35028
65752
35811
27266
64987
96455
72478
70999
78293
10693
16361
11035
63370
337
20295
52533
1447
89853
21889
25013
54418
41086
4538
66418
77192
31038
58703
40108
15348
1964
40394
77360
60110
84786
48132
45561
6670
50726
22772
35411
36236
39930
2009
83098
3734
87983
97919
40706
6605
518
17490
18896
91036
82807
38140
50949
92917
96698
70844
22171
25130
20707
30214
7848
40005
37579
72784
67840
75781
97545
21792
89751
67829
83583
19632
78307
32939
63537
42587
30943
92154
52624
37063
42125
94132
4309
34127
83955
97823
72329
39275
44038
6546
63169
4734
35460
34445
99815
26236
72859
38611
98643
14070
66119
12421
19096
98244
84025
80955
94907
44525
92563
27873
36223
12406
74479
12973
81820
60709
81599
313
80941
848
59120
33953
49352
36007
81960
38554
62121
83419
47566
21132
21928
66921
53576
79886
12361
91175
479
98813
71282
22314
70944
73464
84438
27666
49564
69819
4656
57586
58766
20278
44268
90751
82140
63466
87167
93909
43383
51391
43094
20801
8477
24421
11084
73454
51582
59941
27478
87407
74907
96770
2904
84550
82698
54706
85050
68879
28662
29011
6805
66156
2020
74540
21384
43597
20848
82625
19207
34651
62390
18770
307
67906
30764
28465
94468
38201
32524
46526
15234
45103
60624
68288
93715
71540
89974
81026
26383
71105
55107
58056
70352
13253
6212
1101
86277
36684
83439
62043
76838
85518
19848
70149
13825
74514
94175
84036
24179
85309
57047
68140
62386
38235
79330
79339
34343
9417
39112
31838
1081
54044
8966
65935
70244
53777
49266
91086
96873
64434
92829
47083
74591
49410
78034
13454
12999
42917
18427
45779
89021
65711
58210
18789
68714
52456
22805
23382
31479
26040
47619
49688
44188
38901
25891
18939
90902
52389
63315
10436
35702
4050
49598
67878
48342
40202
75767
73023
77639
23024
48130
77009
90343
86851
65874
62172
1230
97832
92429
45461
55719
66742
57387
4069
31003
35486
67229
33729
62152
73141
40235
47521
60273
14240
81654
22078
13680
54267
77052
36429
68007
36038
29081
75603
57171
74092
1802
83652
94401
54481
12685
11837
82395
33495
65157
45689
25595
96109
19706
11443
7264
6293
53661
30394
6846
57872
6089
8650
39120
41993
18820
11724
41768
50299
48549
44556
26119
56575
92975
17363
58345
49525
29659
1569
77911
44047
6645
27624
52608
39701
30013
1864
39233
21304
33646
6434
71201
74039
18011
36284
84794
28039
15956
40720
19889
32867
34216
94321
93287
31920
92101
37435
34920
66954
36346
41749
80960
63537
66974
55302
5261
6250
3562
92273
3760
57011
3073
57039
59165
24999
69552
80968
74226
82538
12591
75533
70309
84082
19015
42645
47285
73618
34574
40721
78146
57988
64718
31982
47481
37841
24645
50535
62184
1600
52613
91781
70480
54330
19546
58356
65080
90646
10444
36418
84413
44806
39738
94807
75143
17052
79079
46188
90615
35514
49809
28234
82525
33397
70011
79807
4967
3173
76525
9791
20307
5260
10450
40341
54533
93440
11743
26117
69076
72439
87955
62719
65214
10574
6617
46722
17564
89302
53930
44107
25809
46139
92656
25240
17435
19858
69190
7133
39692
9983
12731
47586
87539
66688
43989
29591
2739
22554
72177
22869
78645
63102
4617
44179
95289
71735
61839
17217
13832
8274
8982
4485
64517
34730
63791
20208
62274
36624
35153
4091
89518
92308
50514
13987
42444
99186
16082
15678
91871
91163
28087
20377
23617
5663
53554
63633
50995
39732
88288
75946
36079
56294
62029
11662
32185
79803
50195
40517
13076
16097
26881
15534
57040
84119
7351
79000
2753
96853
29901
45791
78956
76761
97650
2406
93530
3790
46194
429
9935
17690
2449
61903
29300
58565
17461
23707
81200
74946
52704
12429
20693
79323
13690
62377
26423
79229
47501
96723
60887
63613
37482
56557
76254
95909
13641
39022
48549
5120
99341
95804
38545
41725
20134
14086
860
19683
33648
74560
99630
47986
35545
45243
55179
88081
31648
95584
82342
9274
84121
81673
62899
65310
68717
69789
96505
77974
79582
57894
68998
33991
98279
43825
92317
87345
93954
9121
57035
84948
96164
58895
75608
81024
30243
44994
48888
2840
50455
32168
52737
45121
38494
32174
19830
13996
18842
47522
90146
41438
42389
46850
62081
99065
86533
64192
85592
94089
66250
11221
91941
53837
26067
28959
77425
34783
74081
37880
98497
66370
41668
93012
844
81767
36577
35095
78855
20572
74613
6032
18204
78162
83059
6262
94649
66697
13417
66014
26821
73498
93761
59926
25389
38400
41187
92353
71037
57476
8600
57807
80330
9572
73737
20824
75628
85024
33734
81174
45065
48801
86402
58332
84459
93061
5595
16342
44788
41899
61080
13566
17736
66135
22348
90296
11369
51811
38007
38155
2336
63395
92523
74493
75543
52147
71915
1801
11491
34271
5712
63584
44799
72270
