39119
31654
64912
60644
39242
47682
99188
61378
99649
13337
55339
32092
50852
74916
55230
15578
34599
44121
95735
80669
29958
69217
88117
24737
36393
4951
68832
22923
4450
53023
96054
44277
6739
93056
21060
30515
49005
26048
40016
84193
88852
57082
85651
5675
18334
46078
55236
68728
85146
22790
97679
87316
43533
99409
57765
43449
52951
9886
48493
84665
81492
45798
4888
26731
83743
49525
23090
82959
60561
60807
13909
41248
31431
26620
96311
44085
83905
37239
29859
94707
77447
25273
80677
67347
8198
47220
94271
51883
19832
51375
69401
7612
29538
885
1717
95320
47735
24058
14400
71790
40601
84332
15813
11187
92799
6385
68956
50094
62259
55523
28415
84831
6610
84677
22972
97741
79126
35424
17639
19884
38801
46142
71367
43656
54479
7522
61169
4112
49822
88130
61458
19457
73162
18819
45285
65390
28321
85360
87972
22345
44629
97750
30491
38673
25248
64094
38713
83960
2081
51687
34432
70223
92868
43488
6683
56784
42112
26496
3919
13448
58170
44482
25962
89663
76199
33856
57881
98981
30351
95466
19093
68539
18893
3939
97437
42235
95795
67577
99199
1573
24042
7743
96335
8488
16375
15112
40250
64681
79001
81058
54837
13810
5486
10861
27246
58938
88885
17175
29860
82157
38575
60917
33811
60280
79487
17632
5319
12915
6992
92169
2706
58731
98294
19130
91992
89483
11852
43147
62663
33158
7037
14878
69861
32676
57118
15735
83905
29031
28056
38779
81803
71768
33443
69508
46592
4115
90990
65919
3070
98348
39740
75395
57974
1148
74856
59917
1375
2220
22793
31868
90790
37564
31504
4134
62755
69937
64846
78613
94728
85433
86451
28258
82835
28764
5489
20268
12386
39777
96255
48181
6822
38265
64409
85690
14383
52396
7397
58124
3559
27903
34960
88688
79420
4063
95543
81935
66005
49005
6690
82202
33445
31301
96330
92639
44573
28588
25979
13184
38812
36373
58069
57110
50242
51313
91309
55458
9570
51441
45488
47883
94198
98265
903
28825
85804
23554
60949
18765
42525
12844
97950
82011
35614
34815
53122
67557
32176
75548
44391
11509
24051
15781
79957
28566
71063
17573
95994
58960
25362
87101
88622
44062
38158
10540
29488
94542
65402
78170
18895
49844
47872
37570
4614
42379
11895
17338
20799
90729
79567
30272
68984
48030
25769
75874
27810
56425
6441
31338
85158
67415
97636
98949
96642
61049
2931
75502
43921
52769
69578
87579
92521
56632
41378
70851
77054
6175
2514
5963
13636
59680
89053
71948
74193
71216
73988
71779
63361
1667
2492
55253
4659
61516
18138
44316
61937
50224
58027
89426
6669
38118
5313
86105
51206
78893
2503
91652
86090
11049
80149
75910
26997
93532
69727
40949
60312
82493
31336
64250
43893
1048
54676
42808
35303
75874
88346
75127
66974
48887
20537
22764
31112
59825
98754
3303
67659
48199
74098
92888
79342
53824
41155
91902
28152
62706
40121
16238
52560
68124
28055
27964
19331
35420
60468
60329
83588
13453
32584
53802
25614
705
54112
49104
39973
84887
55377
59001
53979
84697
80073
83539
58190
17781
92385
55752
77870
75510
40718
56810
88925
67486
80887
8701
44623
99522
33697
30139
74672
44770
81414
93448
7877
196
75749
39891
97898
52427
89394
27205
55003
82617
88206
1097
40430
51870
97425
83736
30301
94268
41540
77919
63746
70553
35755
73136
22204
80480
2239
71330
56654
26132
28762
84294
28357
77906
52459
68615
21626
17090
64234
98109
57102
59033
78182
8878
8946
74447
83833
44897
12681
79416
59581
89441
41829
88257
10679
74826
94350
35880
98194
96307
78145
2648
26599
50071
91061
76928
22104
60642
29721
1647
22396
94517
50489
7727
3828
99895
15263
49051
24252
25368
34261
44893
54974
40098
46537
80969
95200
63742
14666
17040
96829
86688
87855
30273
71601
70513
43159
49986
87758
54391
57323
647
75436
31651
43455
81709
47998
23958
50871
50134
15007
88208
40486
90561
37002
69111
83826
45413
969
95649
53108
57258
68134
59583
43931
64388
92893
48262
52464
18924
50706
10042
73971
73149
99679
86073
95525
82728
18822
19457
24383
49877
43045
59263
63680
64151
99783
65589
74852
26986
68854
81255
12847
70667
24303
96867
79913
71188
51886
47562
13955
1938
18856
74879
15511
72037
90168
57067
2542
97684
4017
66475
88220
47787
52242
8535
69925
65650
65911
86287
89923
21323
43564
22627
31615
85255
47132
97536
93021
20069
24968
6290
58004
3208
88372
34523
57434
93236
73179
49710
67967
36357
21282
32008
5712
1260
28874
41228
572
32167
61663
30169
9267
88700
88430
22091
62185
946
80531
91178
76474
29644
96400
70706
24136
72162
46009
51616
29344
47037
44268
23350
7867
54415
88383
65452
35040
35405
21042
82419
11815
65227
49219
71335
99608
86610
49472
43792
35441
81856
97271
78293
55910
82172
37833
89086
71075
23252
1277
21220
41933
49333
77456
90711
44007
10438
23914
55371
2641
51938
79149
58816
23370
3952
39495
30509
3094
66112
96102
47753
2586
59140
36523
13493
18884
24329
96151
57001
32200
59953
82690
2970
36837
65775
12778
66052
63335
39038
87880
71130
75205
66397
26559
35783
50762
91627
31182
75968
91089
73787
58277
9288
12777
66132
64692
46367
15768
83560
49694
92552
43772
73743
2220
49814
49005
63263
65918
67730
47326
43530
65533
11083
73986
64564
55084
38875
79403
39088
61213
75602
79373
62742
58528
65634
33409
67715
52309
76294
55622
7245
25635
28655
49378
18368
98305
27980
42887
43290
63377
64149
53264
21056
41965
90356
4042
18011
65113
45105
71344
95955
16024
62073
10094
60166
38555
7690
73127
38340
63540
12093
36978
31914
67497
49745
44447
4378
28803
20944
24664
51795
68902
10592
99970
23602
70907
84232
23907
84261
95977
75068
48413
4231
21539
1928
76888
94878
66234
70037
318
36173
8915
78331
91840
26229
80180
98371
33462
70831
80887
90038
83012
5471
17217
14984
16152
16886
50636
58299
97487
69862
88385
91282
6135
74210
41121
8627
2287
32370
20834
66071
93259
40336
27031
95633
31892
82242
27016
24312
88876
79156
25217
68115
4015
90801
55366
39808
98869
95262
94084
74337
37332
41587
33315
42660
40514
11927
39672
75886
54520
51607
54870
17635
54930
84290
47716
24020
40626
43940
35146
54533
91909
96765
39877
26202
78141
48733
27834
18494
34622
23423
6055
64719
46484
35135
54869
2633
36417
99737
2858
40461
85781
27424
72539
19086
10422
70551
98622
92825
49439
51375
38461
72958
25988
6590
29542
75103
68787
83032
81856
75251
75830
37901
20057
15256
757
11967
95930
67859
1529
30334
89788
81605
44491
60353
81011
73836
99835
14243
78824
66578
12477
42200
43333
2838
17485
4491
10634
72694
89235
85077
34748
43030
51010
73468
44125
67503
47834
46342
3191
34231
98381
10232
73521
29832
56191
90031
25604
67216
88358
51642
8552
42773
81809
65010
33799
82595
61797
6232
30067
47923
4706
49641
96019
15737
63045
82048
66264
64106
12199
95080
67822
84424
69122
98460
33263
16140
63955
74270
50641
30063
71835
75664
11328
36533
77567
50098
50470
95190
31312
25976
29862
48746
30245
41703
16904
84113
1028
45709
83342
60764
543
11994
61733
34491
9307
49310
34392
30532
84620
69952
56767
36733
34109
21881
6836
17286
45835
28491
21478
23686
36017
80705
94406
90416
82622
54244
11039
38577
62210
62038
75139
15833
29352
81519
49600
77540
18077
92178
23697
51812
11951
61356
53137
93837
79728
14184
36202
43036
27866
39217
19979
11269
13164
66149
49241
25816
99155
31539
53500
55726
34692
11025
34554
97494
20261
60540
29185
17271
81003
11692
99870
4929
99134
6643
73355
63412
54905
60979
97988
34060
31502
68505
24634
61928
71462
91354
34945
34390
57702
52616
83684
86396
37389
6896
59320
50309
68538
57652
27310
33191
11082
83168
80962
89581
71871
82731
66161
45990
27484
76428
82023
60552
64876
93558
88406
47490
66211
70290
70915
16766
30877
45624
53850
23599
10050
84297
16225
81244
26507
55211
27882
70280
6046
42946
61571
52734
39028
82920
20935
77974
2332
21417
32183
35110
6905
43805
10339
71656
92486
70210
77890
73380
8730
95062
30562
43098
73127
34830
17785
19534
29276
81398
22874
40208
298
95814
54403
81446
99299
9116
47826
56217
46686
51324
23352
37401
21815
13889
15654
89454
58324
49758
52004
5148
37411
98166
9089
5618
72286
28884
4132
14255
33521
63432
75232
34417
62098
59199
68743
8795
12718
86014
43637
29730
52805
48922
49101
74485
94124
45078
38818
52871
14320
39354
54187
27
62778
46861
64345
29802
92782
53231
88293
38451
67757
94326
55682
63232
3611
57027
89650
5520
33595
71743
81525
65767
75990
33271
60028
42510
7642
43953
49531
91784
10399
58506
63676
25267
18917
58862
47504
95991
72921
50259
88449
98254
61078
13491
60644
72240
38089
56004
30538
99226
26541
3061
31733
83034
42612
86439
76327
56761
63175
82085
30741
39301
56164
46466
12283
50842
92679
67054
35498
53453
25764
60404
7228
13973
46896
88307
2152
37526
48031
96855
82705
99435
43911
55252
9913
93871
804
37982
85618
48488
38357
85831
32277
43345
79492
75094
4780
84227
12995
25312
60777
91135
72498
25958
99866
73466
50813
71179
60660
3590
33185
53520
56492
48312
84463
38446
40133
97211
24809
52784
98659
31985
51594
23466
43806
22657
70466
9657
65330
67170
34463
72601
43027
79170
391
87389
20222
59379
84322
61326
29963
16467
4116
87299
53983
77238
15304
23130
74397
45906
94696
91120
73948
52903
39209
66083
43412
88905
56259
4673
37330
171
12990
29868
1132
55658
85256
22797
73902
44883
37091
72881
23122
83186
22908
45316
15085
7288
58709
53001
14278
64840
46085
90324
98339
59646
32917
60292
81852
67932
95947
94848
78480
79891
57475
22509
18038
37034
20249
43401
81932
32462
44260
58663
52267
42774
54844
86631
78812
19090
38460
52433
38115
94352
97123
2318
5721
86826
1460
76580
44313
1583
88029
21068
40080
80620
91796
35633
343
55479
41885
19591
18844
28504
35977
25797
56828
79957
99929
36320
50638
54008
96704
23174
13977
84447
27238
50868
66181
45439
59849
20404
27727
97718
48829
18775
92502
65036
58228
25707
76306
68965
96985
95705
26724
75398
27350
52286
85512
35937
37270
69091
86952
64574
17509
1051
99946
79720
82195
79288
64170
26994
75479
82475
64770
46340
87248
92342
85829
55366
47527
36079
55883
16583
6832
49844
38246
54026
57936
66502
59412
92686
82008
17092
83693
30841
51759
52868
81116
6016
49166
34223
49035
96118
76452
55546
96119
98382
15802
84541
36546
52078
72337
99698
76359
11922
86727
9708
75688
43770
53401
42098
27235
5266
4162
27382
33027
76924
19810
66006
61203
15099
76346
25422
19853
13470
20275
70263
73041
28840
43550
97408
4113
94744
83606
60168
60937
83610
82882
31701
24332
85609
73206
4885
46937
56703
10969
25358
51500
35226
97250
59972
39921
96461
58811
83207
37332
98080
68552
83061
57300
78917
36129
42803
8054
54073
10202
2020
81173
68370
46467
36067
16438
4619
11276
75267
24890
46441
23841
27841
56109
45449
43827
78082
79580
79849
3510
46671
835
19983
3815
15817
18692
82522
24966
11658
16692
33411
96257
11898
81423
18543
55825
36106
38668
82740
99037
37105
89003
34053
53404
13057
17514
99388
99129
46373
71895
25059
62383
31321
70720
64992
17747
63910
80838
69882
20081
3737
61936
1420
76175
16254
39836
64005
46894
41662
68304
58232
97934
23890
60879
96391
99985
54755
73735
57000
6968
64
12262
82321
93673
41915
2957
13413
10738
23329
62717
59291
82760
79859
74766
15975
47368
84549
25951
35719
38974
91283
47399
95532
23236
84187
33002
78371
88642
49691
20999
39071
88276
24424
25198
72645
40425
70408
49199
7252
93639
35245
19405
73134
40172
70862
48658
81128
13360
90723
92956
78282
19654
40412
36661
10723
61089
29791
44960
4364
95059
40061
66959
23863
40817
30480
28050
77140
86226
82483
34538
98655
2742
51518
62203
42058
8932
94556
36288
28003
75563
25707
84792
91393
25066
27311
9150
34704
98635
79507
79158
66871
4105
80253
77411
24130
91187
63373
80470
7921
99209
25682
15169
70492
49667
97545
27018
18945
91409
13075
94299
77804
97309
15377
61558
93026
28365
80542
3589
19401
80068
87530
59343
10391
61128
82191
67143
80694
4446
60018
6751
55281
98577
11639
84826
19934
49874
27105
40382
60904
33818
61733
45000
97943
45482
75081
37882
27870
41779
20543
3023
92353
26706
14616
46608
39745
90515
70407
35231
70982
46038
74003
85679
52936
11279
65208
6391
97817
22567
38074
99132
41202
38817
72999
65995
71097
73591
85960
92424
97484
41346
68164
56736
9069
66648
34802
92923
27369
54159
84888
29998
36006
35936
66149
62317
1289
18503
16871
45117
63842
49095
63785
64070
61909
41770
51853
49576
73733
49734
73250
53861
53950
92635
30946
25628
51871
10201
19499
90262
92227
44479
89880
3705
20427
55070
29595
12826
88649
74076
63929
77967
93771
20980
43490
1890
76354
5050
97195
90050
53103
42364
57322
92596
46057
77156
12717
89095
91917
36795
24440
77252
10402
53832
34233
17028
96455
42101
62313
82171
25180
65522
3906
84435
69770
97395
33879
22836
67024
94228
74645
73534
13707
16350
23060
23545
30881
56225
37401
75364
1481
60353
82924
57770
35675
23757
32176
33266
37328
60714
76036
36501
58453
59598
73206
15371
42866
66728
16063
19454
80433
41501
69982
44736
33037
3182
63861
80057
70585
86453
8730
18744
58345
87918
72987
28010
62465
39795
79282
76809
90969
24543
34368
59468
79721
76020
8937
77884
91127
3127
78187
30022
84730
19929
73852
27148
37737
68913
23840
98903
78277
68933
84164
58567
85984
42280
74522
15498
649
73437
39793
17803
32150
90745
94607
46882
82860
31207
61262
47306
17261
41605
42577
74127
67934
57739
18178
3878
45524
66924
49257
76407
81787
37461
55786
30453
4099
94194
11004
8334
45575
35056
67266
17309
20507
78493
13352
57885
97681
39147
83643
93336
62056
50004
19461
27390
42546
12504
91011
68241
12801
43137
7333
2941
1901
45863
57986
82917
78468
40368
56022
14616
39822
73967
49401
51491
84220
7053
2972
2816
23085
67813
71714
84204
69821
19529
3321
17398
56202
85379
3093
2290
82627
24182
77799
84910
70544
8834
33055
20892
32089
25637
86043
61166
97460
73119
66058
96288
25901
42447
21057
83823
36468
54585
47353
92424
53310
82953
97732
11611
25049
29808
2026
39565
42161
56109
30084
94157
6807
92808
74516
38110
90228
61847
47039
24307
70986
41859
24296
21946
88739
27205
43435
39471
52025
57098
56786
72913
65377
87862
66455
90001
44244
14757
34391
90374
25724
48076
22287
39454
85751
47773
93782
31119
19467
87145
22071
63468
31719
17792
22953
84499
93905
22485
51916
11267
89905
14045
81186
9994
29849
30293
9256
46140
80911
49699
8304
4129
78297
11861
69437
49061
66948
67110
99129
47443
17009
43999
8950
88731
56381
52250
8703
41584
21867
98689
42107
94063
26960
59637
28606
91481
50202
90571
36939
87489
66238
33329
36617
23137
84764
6350
68129
24423
28370
55655
14354
84557
10330
10205
66161
33094
96320
70260
30848
16148
15909
85615
9449
61207
40105
64375
54744
80576
95704
49658
65426
80483
68148
27536
13270
24395
53914
30681
72207
53991
31092
45923
7859
90306
41690
99559
3451
87601
69286
48722
69342
33541
94963
76770
6284
88032
35057
11238
65061
98500
76040
89480
94612
64007
95813
38759
53931
22019
90214
71420
24828
74
69214
4318
30609
94006
77446
33761
38792
26718
66529
16249
28847
8389
37705
5789
79032
51981
12955
81831
94777
74121
97180
73752
57186
71183
70279
26487
20732
23084
51156
96506
59803
62162
34246
32669
31807
61005
71409
14799
1901
65779
66117
24045
6021
70265
96092
9734
90847
12834
42492
12541
4807
51474
74922
47373
50354
88737
90444
51847
93052
74924
74136
56054
73792
62341
84830
12580
96019
23210
69358
88693
20477
37587
61576
5745
90133
88197
43679
17312
40760
4164
86280
60653
71941
66181
7653
47149
23064
90081
67048
51449
22401
69605
9030
44406
2368
25414
43514
30646
78144
34963
82067
87704
51117
86627
62140
4522
85971
68556
69733
73038
53812
86645
63539
22235
11302
47044
59617
83898
9639
73265
70257
36849
18877
21628
85715
85373
85167
44634
17104
89880
92537
21226
50419
53210
62128
17029
28469
9275
51827
2740
95556
19030
16745
98140
70800
27274
93053
15476
54354
66714
71763
5367
41465
19284
3494
84565
1745
98863
14783
78628
11346
74957
32692
34771
97283
576
75482
70719
59849
56201
63561
86335
98224
96379
66443
14682
35156
4830
75040
32121
58508
16848
3217
88086
71540
74470
22894
61043
14166
70576
76646
84872
1908
18138
12355
23924
87829
46446
46208
64980
84138
74039
59144
88082
9371
53217
58509
55413
11058
56252
46017
90358
46884
23743
41076
31667
75991
85514
86538
15196
18773
70371
72632
45994
32396
33474
37211
38223
7423
49096
82678
89129
17452
27402
5510
92209
55994
57900
57795
20432
60607
33000
35765
69584
21388
39757
25200
64496
34678
56708
93326
96690
80674
57358
37544
52750
19596
71818
79761
81130
33491
23795
71630
60609
24708
36485
35189
88671
54274
67936
87042
52463
40911
40773
33904
22795
94874
2557
62298
85619
66821
40025
15278
83578
54193
35540
17322
81721
85768
93173
86647
18886
41319
24049
76798
27616
35430
13101
85131
71361
18374
51201
1245
98742
93174
60823
61126
73003
14401
8787
40166
85631
97591
99789
74430
85783
35830
92409
78483
42255
14518
25256
56482
16298
87470
95975
74970
43722
74886
54853
70714
33275
85786
52211
3784
45770
91687
84996
79947
43956
29269
84595
44614
61433
80129
6403
22066
69295
26694
40929
79286
20018
33704
55750
29990
12313
8892
65850
36725
56324
50487
22930
49367
69649
90354
88666
68152
72526
5239
66061
27059
97801
67658
92961
28464
97476
76439
82720
80350
57348
91508
44464
50120
6152
54642
79956
70774
9942
85190
68076
71651
52625
89998
28984
82903
96295
70082
60346
56160
60199
56793
81784
17906
27183
8981
1409
81336
10052
24524
48647
18997
83131
27092
59562
24924
57620
40233
31190
91112
83974
98334
88099
38361
1205
63935
36442
89452
57664
71678
92055
70677
18487
28290
48873
87323
1450
61064
86519
2449
23485
49941
2045
61645
72312
78361
30867
79942
24922
60193
64687
66479
21261
39194
47617
2634
32884
12605
74684
79659
82817
59067
52437
74026
70308
76294
97827
38884
18238
85881
98823
25167
74772
79941
45029
9016
58846
14746
2000
72571
27359
77102
58851
96990
49871
11501
21100
25771
20947
8285
80227
47880
16654
29324
23192
8212
51185
98424
34155
28416
92815
13755
68277
42663
35660
16497
83044
10027
48851
3176
80451
36590
81189
19555
37303
6635
44207
49931
92710
84719
31477
50962
19955
29398
64459
72837
95108
60678
34339
90509
42245
7170
1856
20578
99045
19916
28585
81101
67453
33339
83161
55960
81969
46676
73459
84245
75567
73064
39122
84680
30069
22410
5759
53937
41359
98187
44412
37114
65437
35668
55997
38169
26547
64575
66870
95394
4859
39539
27343
2093
61845
1306
97013
62655
83678
6592
5066
77976
75726
46122
87292
54744
80187
64465
31027
26510
86588
14330
71652
51167
60200
36531
13571
17359
9884
32523
6517
20048
53819
1231
17027
37284
33615
42621
47594
78576
1966
19238
48688
68479
11257
11397
56401
65807
16830
13271
94231
15709
35389
10102
99368
55432
27015
68086
47705
60164
54594
36410
63169
90142
51881
87764
40584
75591
71152
91000
53182
44479
48294
33211
6760
11647
56179
28045
22420
98722
26401
61264
20366
43217
77270
93012
40492
24970
31
21009
99076
98732
75401
60544
63773
13474
1193
51895
37346
23017
42652
35263
69331
17600
77064
38515
662
20267
17089
9750
33515
28004
94311
46993
13949
34047
12557
71145
48308
30903
68085
56153
47175
23514
53110
43953
7790
49774
48063
86155
66294
351
29590
15461
89230
64679
91289
20544
12798
7288
51398
81844
55576
74569
64470
63086
85062
60538
33603
95463
77667
11493
87915
87234
7494
68707
78381
3137
20248
97112
74960
62628
90471
41565
52770
86752
68531
48104
78686
79576
57989
88826
1031
46971
2848
70373
64657
8890
58415
41623
83967
42659
52286
83335
76710
99934
28933
62939
12689
72644
64575
15828
27422
73847
62489
22167
3845
12963
72453
94168
1785
10415
24110
61701
34343
26911
1126
2572
6908
76777
54396
6474
97731
43889
32777
60305
35243
196
47721
90805
59238
37998
89735
35604
21486
10968
2000
71904
75075
29793
47370
36202
34832
96600
25694
40716
48779
47539
5232
24306
68250
32175
303
838
35027
57829
5224
63576
86812
66213
41557
19654
71185
51858
2547
98189
18724
39290
78033
13644
5247
50288
65604
5233
58469
81127
77719
19523
18230
47117
94336
10412
64689
14689
99118
39520
44884
89619
88734
39374
24767
29623
42157
51682
67926
11718
23368
83252
65445
14833
97759
41329
93022
25474
9176
13763
64733
785
47775
42176
66541
15135
90747
45164
38244
29171
10204
14124
44393
52239
45297
33225
97846
60398
29782
28700
39640
69884
52490
55420
83155
63665
65534
71265
93731
83756
79594
38004
68893
98889
95706
14613
34772
50718
40197
5896
18999
39640
87550
36253
37783
41068
92259
57467
327
48220
18867
74793
59900
1225
1661
41625
3060
2288
1203
48849
49011
68866
28349
73110
19016
85283
91626
10487
11086
88063
82882
27699
22222
9764
97238
17737
55586
85472
19001
13370
83636
52984
94824
9885
997
76161
52676
64223
73834
4415
94081
48756
67185
78584
97110
23358
75905
56500
5077
49625
83327
21300
469
49537
80237
7819
8810
98881
82765
44381
69751
57465
92899
51763
40057
86731
28408
5880
32036
55362
76955
23284
99852
26783
52834
83778
94970
98017
41710
95887
37950
70832
74348
49234
37507
72263
29496
23618
84094
68476
54108
31737
67072
22476
70230
7747
27499
95048
77848
89026
96321
92534
64361
15074
71256
48806
21705
46324
1738
91218
24305
68489
79497
28272
32729
3149
35280
99927
17939
4637
19796
80876
26004
51334
65017
80584
19443
31868
70657
7303
76874
34387
15391
80784
7450
79486
68170
24220
95627
21122
10189
51173
84944
81429
56059
82188
71657
23416
1696
58407
29186
51279
56754
62949
97241
59641
63078
83295
2909
976
75775
9886
38385
19647
898
59875
31920
3323
48645
47318
68299
53215
76101
686
74510
680
33687
27673
46848
8489
64694
46378
47145
31340
42939
36349
37006
41798
64267
68807
67128
37910
81322
57694
25714
73306
83565
21634
96657
41357
8525
26792
16494
11841
89016
63361
45487
20757
68321
86955
868
59859
27095
69267
70156
4553
46772
13286
32984
30049
75756
69875
49511
9727
85125
95870
91505
90775
15653
35907
45888
76297
83783
41413
375
34042
21864
73811
60086
56208
39678
5141
44598
13865
35783
96121
98255
31737
22303
89396
93818
68062
8364
36343
48464
42561
91540
41424
24657
62956
25966
88570
67008
5346
83190
14658
23691
23456
13881
28150
37609
51438
50928
27724
72413
89601
72458
90637
4567
28624
41058
61052
71673
84977
31184
39943
58326
36400
93435
81065
99990
51563
98156
58969
25463
38573
38430
84690
17678
42309
66993
83904
96075
81506
63037
45060
65434
23661
7780
63236
61574
53347
63168
7058
41048
17230
43292
13879
80189
94591
30815
94332
70565
76938
1570
62261
37992
36445
46179
91403
35779
22110
77362
51140
4160
2081
23817
71440
10260
84515
58840
28115
67873
40485
71390
60202
95804
87272
16948
21852
70537
73410
44003
27519
15554
87195
79990
43747
86454
13895
31402
26111
70191
54975
27585
82070
90924
75902
37302
7493
40364
75605
11915
99564
66284
32299
95359
94135
69736
81013
57883
12808
61982
26222
7243
58307
26992
88915
23722
9174
8391
98013
49782
32898
30165
85404
81346
35530
33139
30157
75018
2583
74729
52664
30305
95173
25964
58408
98727
49166
91713
16743
37079
72433
3584
36886
89564
62143
3027
77414
36067
56098
40734
84982
29611
19786
7545
48105
73305
25460
49465
90371
92968
67833
81037
78816
62046
41809
83171
47249
72890
24323
15306
94548
74218
76714
95283
80462
77816
87557
32881
59368
97604
53787
42143
19812
52813
74376
24192
8154
85097
73193
8706
47091
43349
21856
36092
92001
6
90373
13334
49497
62781
8329
15688
37198
39800
40359
87195
54923
30758
96746
49931
11501
8499
13493
17550
6139
91777
54739
30158
94370
63735
96572
92082
62609
6451
72640
41627
28430
21724
66035
61770
95156
28179
25909
28319
62474
78119
87421
40316
60288
24231
82401
47591
11496
95922
19844
23215
38831
1674
84765
65510
89751
78951
37472
85933
46962
68232
46604
90157
60253
52709
27248
5697
80855
6272
57594
2066
97916
48889
47582
88570
94050
45633
18975
79657
57807
83142
19901
88454
68533
84941
8411
45869
94988
71997
89675
81271
55722
52664
53817
67991
85473
23941
94833
23969
87029
95272
72974
65189
90520
85972
58304
58489
81444
81367
37368
36020
43445
21843
42515
17879
72672
96780
46529
22278
30804
59741
50673
18228
6124
95973
51323
91933
84909
50943
86057
16332
94498
912
6626
3869
77106
31354
10869
8477
54715
51693
19583
6637
85965
55292
55226
63142
54629
2701
2
32086
35396
97514
88292
2760
35116
63093
77221
50434
47767
45433
91756
44872
81875
40475
61965
84414
2462
64207
49459
76650
47098
54919
47625
53560
95085
26502
53350
38711
85847
97203
2643
46176
13265
95369
35033
55671
21023
38699
79084
60203
27761
93813
85486
77815
51292
27950
92353
91787
59791
72505
99661
30020
6869
93578
25194
38519
94599
66293
2955
90798
10699
72611
85799
83305
95501
13214
77093
13766
67256
22092
82307
80091
73520
2840
28547
86335
24271
61995
26483
60872
31771
88890
951
22256
40577
42649
51733
5745
85712
46477
83325
79503
6868
81759
29203
24565
20653
23821
54747
97911
65995
55162
3743
20310
18472
81318
41632
78307
11203
15160
54678
38523
53908
67223
48486
21968
27281
16120
18335
73160
26300
9170
65073
95870
77670
1773
21643
13191
43397
3769
42959
33231
71085
97595
87028
78114
94062
85186
86807
52358
36489
25912
41216
23877
62160
90676
24396
29449
76441
59244
10716
60576
39007
46759
22329
6623
67190
9937
75171
99779
61897
94152
25109
1618
21969
86099
50486
1504
59059
16882
99774
3342
37303
73680
99458
90413
77313
69557
5695
98527
25998
57368
61087
60862
67981
23410
80587
21239
5463
24173
81838
94862
5676
38268
46945
82853
56716
28292
87544
61175
28302
89976
83400
49982
48833
58594
60307
98836
26460
88925
10738
48759
84100
83040
10877
48102
78906
32757
47674
1160
27422
57511
74912
95820
64196
40025
80007
40618
10673
58612
34447
70600
35762
95257
67881
63001
17849
44116
99685
95489
99350
11345
38649
29907
92782
47113
22346
24955
93210
60660
98618
24055
56478
4450
81679
55744
2980
32037
16220
17255
36916
65350
37646
26938
35411
99384
48533
17317
15350
91786
63117
66997
41825
29429
80008
95001
68000
88117
33753
47265
63680
18741
41760
24808
41739
4835
80717
63118
73279
46178
39251
55166
30570
79711
4842
20207
47108
79579
6560
91877
61161
91558
14750
15031
86034
24461
40627
25675
98094
10922
45183
82206
53442
35802
73342
75200
63642
10701
36303
25083
43882
79382
57855
92372
40326
34113
22999
61387
91227
7236
91103
44509
35048
80494
34413
67177
64892
7517
81870
15151
33069
51084
49808
45555
21746
81672
46058
38433
58622
77796
33512
30699
39034
12835
34230
37550
16541
17106
76361
78803
55722
49336
86149
85361
26823
77157
35342
77103
99797
1256
26894
21735
65009
23069
97695
88870
94886
69059
60662
80592
43020
60076
75981
19681
36865
6285
8940
68270
81122
48469
33331
84362
80871
69723
85893
25349
94968
4368
68308
13678
68816
435
50726
61721
1196
74051
99393
16731
29456
20527
53304
24242
27095
63465
18962
60066
37460
63994
84371
23194
50346
32687
80521
73493
27396
33712
87669
39549
95090
44017
60884
31817
19200
76866
50730
89159
77429
21569
65834
70229
26149
62544
22275
73417
8147
704
63146
51473
75079
94028
24896
86645
30408
32611
60257
80472
31446
25149
97097
3709
65926
11054
41218
56197
23899
30393
51854
51511
64029
65948
40845
55001
54137
51945
19660
15355
55637
41940
65546
70003
83662
4616
62728
67138
45776
72437
38893
98262
90129
19620
99859
31241
72618
63307
84369
10214
31443
96891
24966
28395
61114
2934
13375
39274
7744
47711
96869
9962
24464
97226
82214
4139
41085
75602
38718
66407
27703
44521
78594
53747
33897
35530
74632
17925
69170
44938
72086
6863
81853
38765
92806
64457
6688
58261
26099
94573
90062
78678
15076
74268
60249
60164
75185
66878
30216
52494
32502
60615
944
59972
39923
51252
47730
75923
94653
16021
54641
14801
46213
4997
26606
74227
45251
36276
51970
58909
31039
20902
79799
23857
95067
69075
67
70888
49376
31567
15202
99263
74756
21125
28751
4969
69653
16733
13759
80866
84901
19869
81243
95843
71761
40075
83800
58257
60432
95152
69684
42640
23316
85655
43310
92470
11872
64245
65186
21946
26663
11267
50913
4554
3516
65703
57961
8156
21276
28497
47974
52348
67924
64545
88868
71045
44559
73125
81040
49515
69760
60288
31466
67764
56521
94183
93385
29159
97990
40773
14667
96092
9657
27230
5719
15827
98835
63728
22354
11873
77083
85077
62138
9861
48926
97637
58818
36889
61395
95961
810
61636
75977
40682
79865
97644
99728
6776
76858
18921
75041
20550
41906
19956
51851
22787
1082
59614
94203
73732
13404
89053
2951
70316
87086
31073
54903
20685
77606
70661
63664
40136
44377
71553
51583
38225
22293
69085
14494
40142
29111
86399
92134
83870
17577
96773
37585
64470
66364
20526
55626
33062
5534
29363
37396
77627
33815
43316
82227
16318
85382
556
96347
22041
83
8422
88404
95865
54161
33577
37030
97070
69970
43951
59943
29072
69862
85812
46366
55836
75858
77449
62611
65404
19817
5607
46037
78629
3370
98273
96391
95994
85365
95283
24136
60909
13803
50519
60253
28870
83841
47830
29406
78684
2976
50427
42458
89120
49437
50179
45255
73113
50096
45649
46122
5833
74899
76670
95871
1903
99929
64781
23846
17094
21544
38237
93706
267
45556
19095
5903
82908
23290
59175
5111
77723
70518
84136
60785
6673
31745
78360
2080
11664
59498
92427
42915
76433
56239
34235
27654
72476
90809
21180
12356
86022
82802
17390
38678
49461
30180
63852
55965
93471
29551
18241
72712
5360
45030
28410
3682
13257
49318
77910
6588
5222
2996
44218
23186
97688
76338
57122
95261
61425
6142
49426
18037
83487
26248
5418
47072
97807
71309
47256
47387
53875
26388
21095
86563
60670
30789
38645
33793
70699
16097
59234
28784
55934
78306
81700
52844
83138
35055
89272
23289
47154
16284
28754
93613
39315
94268
68118
36859
14238
43204
16704
67389
956
31518
47837
50205
21065
96102
52764
67904
14779
81797
89631
5327
37180
8935
93643
92612
18867
38203
41695
15277
33954
83495
63810
68768
14984
65253
64949
95900
86853
73053
61063
64887
62174
9248
10535
41289
59031
34335
34100
20212
44797
23558
22961
26639
23558
91769
86068
53773
93551
65289
72797
25455
36965
91346
46916
33603
66496
67220
94219
28086
97033
49357
6003
93245
67581
14255
34090
25660
77929
42755
8641
50418
48053
22361
64988
86657
9981
74347
17443
17789
15226
79181
54294
86769
69696
64755
69277
79592
35104
6880
12156
82110
51694
25253
8166
4164
90493
28062
77257
40138
6822
40901
18343
44012
37543
58482
81637
33308
59848
50832
19995
67272
91192
52220
82796
65959
67127
33148
70096
94597
16493
28890
16749
19144
99159
49820
90021
38303
3970
17474
53896
99046
32591
92315
99625
62808
24567
24419
41039
47026
56776
83901
32610
78944
82062
34249
29829
74918
95021
37091
63555
15373
39561
6904
36289
28552
68585
12549
88019
85282
47760
5838
28971
20389
9323
85911
79821
11305
88201
26051
2270
89176
1764
32742
52538
60666
33406
18857
86564
43682
25638
59802
89240
48596
60154
97517
64445
68049
45831
28372
94262
54881
80235
29782
31127
55643
1212
15055
82453
56948
79681
46531
17750
25697
50398
90624
64104
35979
65197
69775
26861
82415
36135
246
75028
18574
46147
95182
87459
51896
3701
5052
25936
54096
20664
10671
70831
61212
4614
52757
34118
47979
54467
85849
33276
57123
26298
8445
6352
87174
55199
45488
19749
88672
71476
58540
37883
50768
10183
46254
55993
10704
86872
18419
88262
55267
80249
27884
27928
35131
70926
59166
92771
88963
77587
12184
3603
20047
23677
64338
97557
96831
14745
83998
41967
25418
30032
10094
97104
29164
68364
51426
47202
84814
67540
779
1692
71951
63379
4929
28404
48268
90359
97758
66930
59185
34646
37973
18239
31452
6250
17362
82332
80586
74813
67568
70767
13504
31936
8433
27385
56760
11989
39869
75235
72934
70220
22714
67894
44102
59530
84803
54089
6181
29382
36649
3445
6952
52590
26019
30213
69884
58790
74547
37481
3899
78960
98551
64202
11255
57287
62281
73368
91783
23493
68243
37246
63404
38341
55346
1879
76286
23619
14406
61690
40056
41631
60499
97009
6908
60736
51127
27752
32196
85973
43912
49504
20870
39383
73449
85187
4739
19946
55785
53074
87021
54498
40473
46201
4371
49858
5864
55748
23562
41344
18205
49228
77369
85317
12815
57546
54881
39536
28260
56108
96327
31162
46116
34501
46112
48884
49818
82238
23512
11180
61255
57418
84766
97103
1442
30008
89296
41960
19056
88449
93918
6887
84732
99106
74333
14108
34387
10019
62219
31619
59742
67829
72218
26138
83165
27835
36092
72332
76797
93855
81513
24178
27734
4006
67695
86480
2403
99197
83254
52091
37630
76210
16622
98170
22199
68576
46296
39914
66705
88610
2127
22331
18170
6824
78897
75224
33029
85383
1645
10372
54982
29707
25195
5023
94793
39848
34546
27529
23951
50126
95386
765
57478
7355
43471
29886
10595
7786
92638
36432
575
79657
8319
80669
81067
2632
42399
72248
44722
87245
60777
77214
7082
24517
26929
48056
405
27285
40541
20125
87066
20366
75792
41653
10908
30367
30420
40568
41140
56036
19618
30964
38767
75325
40145
38894
83014
34969
68922
2848
66838
2097
75460
48800
79804
34161
16464
50401
12143
15313
37443
93970
52537
77730
45995
69797
95763
2691
6832
90123
17628
2099
72185
71578
38454
59681
16376
65232
5054
86464
55155
92177
23718
54006
12368
26924
5584
55412
41308
10877
70697
45055
58232
21899
97759
26892
48192
95217
28737
45611
21337
56826
45138
4506
69399
80645
393
54555
84648
73385
46984
4032
8449
59985
39542
19074
2082
73736
11899
4240
48808
22672
89432
69573
83184
93740
8961
38962
29955
94782
99288
81627
91650
28427
47911
57662
92207
34682
54234
81453
57685
61595
36918
46557
20502
964
97466
53463
24111
93015
25009
68715
97161
44991
82608
78885
87039
72409
87282
42040
84199
60272
27630
10614
191
76352
41905
38050
78614
14204
59774
1500
50580
35692
74687
90267
34534
5166
59270
55034
55786
67356
86692
69513
39059
13742
33285
70148
65690
4886
21222
20256
86241
24714
41557
19425
26373
74975
50980
27082
5792
96240
98665
69548
37687
96286
77908
22303
64103
7473
56525
89070
30631
42141
83658
78668
99674
69568
73547
57637
94899
84615
85522
42992
89893
3153
57346
13920
6438
2091
79635
14042
57568
49562
22318
49953
10580
93591
29195
6444
90923
57012
7685
62073
62490
49053
69815
44058
59985
39386
4406
27886
66656
54320
44778
66091
86054
93448
77609
17143
13624
35399
78450
77558
17227
7164
2851
97470
894
30041
9688
73510
63398
15609
23041
28829
58999
90847
23230
26839
69036
33375
93433
33
77684
89174
63360
30550
85753
93395
13342
6282
85998
81145
17013
12579
11092
6877
89275
48872
77193
28650
66414
80146
74158
12676
53844
62015
19059
32969
57587
57189
28833
50195
63018
98627
75459
40507
71018
499
34866
41400
2805
32124
68956
29572
65905
17636
10128
27455
54153
63331
53897
16461
33281
45107
21941
43610
76467
7907
88832
43838
88459
35722
40866
10236
74587
15288
7329
41636
2076
16904
2340
9944
23778
46482
9174
79020
84282
47742
15027
90918
9027
89875
55986
10213
18598
52045
85199
6367
6259
2732
47028
69026
1241
24265
72451
48027
50626
17412
29027
25173
23017
35832
14564
71674
84409
42928
30512
1301
52995
74739
33905
44023
26651
1851
97657
27800
46224
82628
14641
1686
79142
24191
1538
90585
43090
78534
6714
67287
43601
25610
98043
51506
965
37160
32422
31
74733
5498
73951
75715
27776
98825
76189
91510
17542
5633
84048
74889
30547
96029
35599
18659
81153
38209
894
22151
49225
21126
8601
87826
93629
74671
91807
65120
24069
83259
58141
95342
96788
5300
74197
82586
56198
47396
90060
22950
62392
69159
92333
53564
88740
6043
71229
53131
9240
82739
476
85424
24050
7340
74548
20496
33050
92311
96258
63969
3036
62581
66590
59912
88096
37793
63848
14493
29160
96134
65137
7724
31493
22833
8579
27892
1302
24706
57294
58610
14591
59388
16496
7960
95010
45788
67360
52246
94204
77798
2872
78458
17022
87002
33660
65876
9286
58918
65163
79730
14394
24597
44129
69131
10977
63909
45862
51767
95422
83414
28727
15547
46410
14911
32847
35043
82892
31962
49201
26503
16951
31071
6901
47120
28096
70287
54509
21108
4955
92711
93042
7100
59089
94036
52560
41095
30528
35109
83563
62472
27567
53244
48716
33131
7148
14175
93836
62869
30405
67403
83451
13544
57503
67272
65005
34597
23702
62199
11715
80716
97841
74247
12913
77536
54401
28903
2865
54950
52630
2967
55204
40299
1470
79255
40384
49317
11963
33825
2618
36754
98144
73586
1969
79965
15240
96227
39637
31871
7570
14678
82354
3777
72605
78540
40637
89760
54620
65875
49273
76105
24918
14173
90182
52132
21822
12108
95592
36334
41385
65641
36335
3358
33297
46131
41224
97193
58949
3701
49983
29600
24298
1776
7567
6583
58323
52056
82856
50881
92824
28571
84348
36215
95958
17051
36742
90007
17955
37309
69975
15113
63628
75194
85183
42397
74925
67251
92884
30864
54700
52321
44257
24654
75762
71658
41294
28433
18823
64784
86664
70215
14697
16963
19022
66161
12360
42807
91671
