9894
85176
32297
11083
53683
66730
37265
37909
69513
40366
34474
52088
16137
48645
36059
46103
79529
86755
14761
27374
27380
30922
80622
87520
23598
6206
25768
32187
1334
37797
54861
56106
66212
97149
25725
15287
36753
72249
78768
93434
78070
74874
15758
52899
94381
95174
91837
35296
26036
36839
83893
30731
17296
46914
57904
83604
99565
65299
62845
34790
483
99426
53747
87928
15925
13124
28322
56274
15156
98608
11654
90138
95104
2651
42133
97242
38062
52819
30135
66544
96356
56661
78614
18226
33473
17452
72427
97787
47291
66375
86455
82743
52352
8661
96403
38919
85918
84319
11327
78865
50078
78850
5975
75847
23914
28231
63652
34674
9936
23137
77774
4986
72062
84579
3183
83765
99373
83611
59075
779
25019
34415
54108
91521
78576
25202
34513
75370
18722
66275
71318
18886
36884
41347
77511
12533
69369
73041
85471
3645
66422
45155
29829
35540
80486
25091
68389
33802
55703
93028
88125
48021
6961
98975
77550
35835
59863
49934
78866
28918
71238
4740
24749
33223
95002
74760
83803
42202
66736
33740
98025
18097
50118
40558
36768
28559
42559
76778
35420
76516
90051
73082
45116
27344
69858
54283
38257
11350
31577
65085
98745
21598
59725
81046
24037
82023
23701
86724
3190
62759
8596
32046
84359
99840
72963
9749
89924
17922
19598
94412
6936
37847
5205
85073
26276
87502
30290
25127
85579
29479
16986
49009
14474
28952
78428
33645
86117
68410
65575
65387
317
50035
48137
61385
89821
80320
69617
40749
83604
75487
88278
43421
95837
71351
29616
84862
9561
16484
31172
89799
49919
19747
7294
40129
13609
22998
17303
73725
26192
97652
68629
65490
7346
20592
67826
61522
50671
13572
55956
23688
8244
16219
67387
37585
24878
43960
99258
80852
97856
64230
29949
96254
69392
16156
97577
26430
72859
51372
49601
40506
38537
79369
23364
64589
42587
91635
8115
2589
37889
11393
61552
74365
1960
46857
72771
70972
40464
13678
18102
49383
17660
35239
68672
13314
2595
65608
69503
35070
9315
14576
4094
66968
29685
98254
12918
63950
63067
16304
28817
15327
21526
87817
47145
16221
69621
63486
56751
49457
53511
52366
2568
61932
57233
58300
11186
95206
83772
20314
46308
27413
33637
46675
92691
21738
51480
58645
91057
88523
68983
32410
77679
83561
54035
42162
16228
53151
23838
76302
73862
14598
80023
60459
8372
53366
92932
7864
47734
48445
65982
54150
27260
65237
83494
92236
676
61414
86518
66804
22263
66168
25746
66438
44467
60882
25084
18670
75139
49780
28071
99628
18473
36269
74148
23001
39454
22138
22296
71729
48433
8284
73967
12065
78027
96853
77193
21293
3412
4318
46034
5278
15086
91496
56144
72999
5886
69677
98869
22963
70923
22706
12596
85485
35903
30364
79185
63276
88362
84107
19921
33880
35110
70327
77713
32477
16886
63430
94738
56907
27431
53064
93137
73895
86776
97903
80917
93074
35894
40718
90210
45908
14176
35436
41642
71461
54474
27013
3779
1272
11548
76542
14548
5540
51066
66307
92073
4624
42367
10782
80965
57114
37986
69366
72823
59332
84699
68930
14982
80411
10623
51464
57734
44293
92230
40759
2444
8615
62126
98461
46878
91505
15993
83046
72579
5959
32849
40306
13434
97004
3915
54065
76103
27693
87337
64957
87464
71303
24570
55924
44774
66838
93148
4913
70438
65403
71106
90342
96415
18152
81968
37464
35302
34860
867
6775
53764
5878
81838
74809
49738
55367
97630
29682
1115
87449
7743
62993
11783
38150
69112
16794
93945
24662
63826
23515
20262
24616
84022
9998
37765
75292
61555
62634
75486
88027
8639
33766
91547
53444
66773
29771
5787
4500
6909
83765
86821
13361
96009
88134
84122
5523
21659
30247
4771
20816
97764
99996
44522
12450
94215
27714
83172
62166
79356
72423
32299
24948
96625
42662
7210
99270
80811
98814
41778
3208
17226
35279
92394
42026
28266
63600
75555
59876
78406
61935
22377
84439
67735
97830
45301
70972
62554
79926
21727
42251
63055
44291
56625
34218
38109
55500
3415
85712
60340
47621
56307
70389
92170
70035
333
65432
99015
55139
13287
53164
44668
91623
96558
98912
16238
41326
33164
48714
34737
56095
79579
54767
74095
82514
92852
82961
40136
16651
24229
82454
41971
32979
58945
78769
89026
43925
49874
81135
55811
50898
34729
72479
9795
43202
53718
58271
81934
71720
67827
59552
55313
5168
15674
16149
38657
25639
96760
65725
27348
49303
25369
75627
48588
5918
81762
5262
72084
4490
81469
40546
27395
6451
63151
41714
71614
37365
17222
46183
80762
76520
90446
20082
30207
78462
85027
23250
63112
90008
53440
23619
7910
87269
45526
81219
46276
28184
51480
32642
63622
17925
19699
98790
10987
62201
12123
19095
99409
1843
83393
97549
6839
1218
71104
89077
68893
38204
42135
79962
59432
36439
5617
93750
87235
84328
73440
30260
79359
72823
96808
55008
41658
63483
16311
80910
73149
5815
78834
10404
81024
87952
11339
99013
6280
1546
78735
36379
24145
31422
60987
92864
7910
5690
61871
98089
269
51733
79579
31120
12800
70797
50998
71036
77270
69791
98989
15055
73344
23394
33496
92524
26735
22689
35720
23043
3506
43507
84477
50362
11421
80441
46164
23001
93350
13555
88222
13586
22409
85823
27211
65228
16236
94543
38629
79147
51388
67622
63898
16605
86582
97550
63025
72803
6306
23737
93341
82682
47641
96787
69231
36453
58535
9792
25925
8569
98699
45559
72065
45220
49916
27578
84565
80027
6310
83793
26810
76799
60210
17282
23008
88331
14179
61520
96352
40509
8221
29901
5389
1630
84352
88508
82888
56112
2258
424
5587
74547
70266
45882
75133
436
75304
94043
96252
98994
81587
91975
7769
98190
18331
34218
95205
71502
93612
31002
98474
52206
66692
8912
24444
10661
74827
19556
91406
26063
737
82212
84641
47836
89430
38576
7862
64628
83187
90741
39429
92421
13878
13253
80454
1355
83194
76655
37709
31258
14709
10273
46131
29355
10843
37270
86191
20993
93023
59485
57315
86902
54490
73896
83219
26631
36068
92077
72656
27065
90143
46909
8402
52679
52276
40830
98117
81097
59029
78632
52090
23746
16705
8728
41407
20646
98022
852
93193
7654
37344
49276
91724
19386
96032
90249
99597
86122
54696
52485
66927
44344
21394
15366
82089
93773
77936
56840
62073
45791
58575
77766
46962
83067
75285
66293
70481
92917
36585
20381
70670
6282
18705
70101
7053
93614
57270
80314
46227
42198
95973
67308
67606
34148
49743
62501
52622
55371
77231
40918
99688
69054
91467
41247
11737
4441
19540
3723
18542
6923
7272
32262
68802
83423
32215
68988
8554
84134
1762
20304
29386
98658
31999
27029
77322
8433
2137
86412
22339
308
80117
73883
23124
76379
45007
66438
26929
16367
8099
67309
31738
17916
94183
74146
71626
38521
1461
66853
68326
52534
51079
66494
92885
3360
41307
51862
35695
71507
97686
12594
92750
65629
14981
58220
19489
51915
75230
48880
71072
14418
67877
31185
13273
95676
45162
96934
37993
79406
26544
21540
21766
8530
63465
13720
56345
53285
4124
57953
41353
53758
69641
48584
40114
37914
99779
4734
23637
14785
39420
24912
13225
16726
88223
8489
4911
36640
9078
26788
45347
62160
21067
93357
64750
9614
2828
99411
64696
77732
67335
70667
55419
79463
66005
32516
50291
18622
76692
50467
73298
1104
6221
30747
2096
15694
32404
74858
2623
60890
2509
90067
67452
20851
83691
31027
4066
37310
27315
78626
85080
19475
50528
86505
17611
4833
5184
9818
54678
13726
6972
24560
10397
79054
7189
85220
8058
16815
37193
78761
35630
3136
53332
71908
38585
28940
27827
25548
77765
44695
70116
75450
13085
8515
76458
60077
58267
37311
90125
67325
27294
25933
87294
16441
1178
22479
98647
90879
61770
41005
9665
67928
52544
37605
24655
68558
733
85135
44008
68106
94172
31468
21602
9166
60969
19339
20586
78092
90288
76055
77504
48385
15663
93217
44542
86290
33325
64709
15929
7809
43812
48635
15873
84396
50777
95037
97411
91586
4557
45392
73229
77794
38924
22993
3697
45843
87938
88061
21507
21914
82541
84604
76477
23483
81902
60748
53986
48911
17433
96454
54270
80381
72812
41550
48492
26585
80349
82780
33298
65846
9707
63010
76487
64201
6326
95130
29237
39163
77803
78478
26810
35371
9400
84739
29512
92798
63134
64546
81163
48931
47235
43908
7498
34856
62823
70426
35399
78098
25551
64278
14626
46621
6205
76762
98938
61681
42145
17499
69906
16797
95176
57073
32530
64786
67283
80638
10212
26046
7523
50424
20127
91172
98767
89045
2562
62613
24472
5650
29110
21805
24532
37888
48149
44972
582
37932
50377
98511
63535
93481
60108
35882
3518
2459
8975
35077
34627
38819
86871
19792
27745
71938
17026
96932
70049
88364
6312
61656
22787
11659
20796
6173
54160
46157
42032
90518
24971
36331
9272
84887
59590
69590
9416
85945
10768
38240
1911
50903
80620
32964
15588
92040
1149
38100
24631
31801
77949
17469
11777
43622
44205
82905
98685
23925
32678
80656
34232
20656
41775
18060
28652
90525
97960
39704
65416
11867
29666
85843
87404
99291
84657
75351
21135
41465
32634
40097
27747
10325
60966
44924
65873
15410
20249
88943
16574
81323
56828
53759
59407
19789
73174
80226
137
19093
13977
53250
87025
98758
96473
89833
20274
11910
20919
47759
87261
96759
67996
47902
30378
3021
90145
35710
38236
28209
25803
59138
8611
47057
38516
80429
32667
5121
93508
26594
99698
10610
40447
1896
19143
44173
6263
95894
50670
25037
88258
37216
83792
63318
84455
82110
81071
73078
85906
14774
69862
17494
19591
94725
59471
4348
92307
10607
57375
27873
93662
87616
9804
71498
68988
42910
24942
43173
72035
1294
52483
53890
54262
51103
41549
41803
80704
90262
60022
15394
57469
92887
44628
26773
24658
22381
8231
35488
58941
24439
47902
21056
93863
42896
59770
14351
82869
33720
5035
44385
49438
8964
34358
30074
42743
6270
42040
62282
49802
98394
4356
21542
86565
38135
87784
87715
34703
71374
89390
9585
57653
21499
43742
13619
95779
31941
20481
29143
92462
70443
41568
82422
89101
54060
99018
65961
73768
13875
24149
24837
93097
34366
64348
50837
28080
58761
91111
18611
76770
14236
40297
68163
29249
47694
38562
89260
81142
98163
53796
94964
40299
72201
92722
52375
50805
83196
50596
22435
57807
70929
89256
19283
89954
10069
92163
76389
73216
31650
81397
97466
16144
58058
31259
81258
57027
61443
51565
78914
66021
2928
83623
23195
23215
67528
97670
24184
28890
57094
97448
81564
46190
31212
54165
2277
6616
55284
99901
37257
17017
74868
62743
84235
3131
86733
92873
1370
9280
19312
79205
83431
70803
76622
85200
92160
87871
26555
31934
99086
75998
54974
57689
57223
19337
66552
6241
6385
77231
32430
66509
98292
33697
65844
20431
66747
25578
88408
16982
38855
45179
55625
54605
60751
11236
85058
32513
29559
57823
97174
40511
77004
1575
2361
91036
96186
78470
40169
37166
35466
42251
31896
91991
16092
72666
5495
67811
43197
21502
95520
71207
49636
25882
28704
58409
75982
86941
3967
62046
70036
33971
85102
35854
58471
85048
2507
66068
97032
60615
86740
78913
77541
55217
17446
91681
47219
33450
9744
49077
75493
97469
97465
56287
62599
54431
61099
33565
19737
76513
88698
96556
9579
26559
5205
24557
63154
83893
73000
72037
5060
89809
39115
69279
40469
50692
84907
83084
77007
8467
12403
74379
11879
58026
31255
89571
2946
20879
13724
588
18308
62804
21191
15982
51408
62438
27681
802
66561
3555
67747
15157
92323
51592
29060
68682
97551
96936
85404
78206
10754
2809
99220
7047
16889
71689
61165
16854
20650
94446
53993
31484
32226
81146
52153
22985
17879
38349
9956
82959
65929
94949
7921
43077
28122
20048
98162
92072
96198
24194
16589
55867
98081
9314
82216
50447
83148
66238
54607
1309
65812
35359
74213
87664
77479
81400
33093
90209
19283
65816
8980
49658
765
17599
45446
21147
1915
59084
17353
88315
23695
55957
58289
37606
39808
26032
25313
88837
86998
62446
26867
38876
18162
39272
20324
98284
86056
62001
32863
83929
52186
31243
11940
4550
690
59285
19093
51323
54939
92610
36733
87529
52380
48549
41565
41700
91507
25224
8373
75023
58666
49692
69483
34390
49017
83115
5499
22708
58328
68777
40283
51189
76670
45737
12777
24182
73467
39564
61363
95689
80590
63412
21987
46836
60164
982
33253
60888
18766
70414
26166
73904
78013
34605
45612
71472
84541
52589
83132
2444
81803
16709
51276
38042
86644
26487
25365
81744
53036
38983
96084
8039
13384
48359
24877
9346
77624
40429
17436
32679
68
15782
60346
52811
70370
86307
67145
61389
85106
25809
88349
95320
81974
74568
27622
83852
8112
53401
75197
4855
18554
92042
5035
35484
41405
93118
5745
67221
81518
57837
92407
33365
59371
35379
821
76806
42414
30788
9879
47313
46091
65629
20656
33725
19404
88854
21983
13998
77927
4467
78678
11118
9912
73146
67053
97290
5440
84959
88194
17843
43802
73882
82794
66501
68310
20218
58361
18052
87316
78355
6666
93217
11006
71891
47947
66973
84322
7091
7240
77829
95787
33673
15379
77723
28731
15481
33453
15509
19719
32492
20500
7710
28943
2233
48936
87675
10808
5183
42971
2857
28040
36693
45909
42625
73341
9656
33409
7613
57579
3940
90360
30292
25904
31422
22504
1377
5014
19118
26880
39202
83108
63370
98139
36732
81345
26797
64262
13052
48134
61926
33488
23736
29919
34989
49933
76468
58046
77232
67431
80097
83579
73964
46913
48128
39212
5495
16905
28772
31037
28506
92826
4085
91789
81756
27627
68496
8229
59930
67896
25835
13653
39826
45643
89143
18668
2847
91398
60927
93619
53951
71471
91629
93223
78159
21880
18668
86994
62744
21066
30216
91717
48259
72687
87665
60628
39976
2425
80798
89102
14628
56337
84749
77207
56585
9599
19977
51331
94863
53107
92485
43698
51272
90575
85253
55171
73489
87601
30493
31414
64165
49344
54480
577
10092
15026
14266
80622
6416
36503
56745
27856
24976
84966
81382
86369
85933
60418
85650
92665
801
13289
67563
80205
29168
43385
18894
11713
79831
64223
54934
93003
27873
67358
12354
30310
63577
92024
37301
48559
14905
91739
52599
82400
62337
86603
81305
60967
11331
23528
52342
42562
36026
74268
63829
68825
99483
7971
41098
8375
28036
99191
43900
53159
38162
42455
94241
12455
50766
50356
93446
18283
22919
15800
51467
55153
1691
20019
83243
50013
60430
11235
21753
5393
52126
45535
31621
24970
74445
67040
90846
8121
47293
27469
55026
73596
6234
18273
30929
35449
37328
5627
79344
40534
55038
37378
46569
42840
30882
19155
74591
7319
23764
65193
31103
90266
40367
73991
13410
85844
22281
36132
16079
33882
33604
70676
91261
5407
65949
98607
2870
44495
60258
2049
51160
91684
71585
24749
75765
63496
81083
37694
92410
43976
68663
60844
78220
73329
93715
12231
20526
83818
84341
22276
79807
12046
73919
20737
65889
15076
6785
67958
96404
72509
68585
81081
64897
89161
86037
99790
3891
59126
29097
28938
62527
68710
4700
88642
22340
5451
59789
48469
43597
70498
64723
29138
48468
75082
84081
75015
67521
98207
76393
92456
6607
21944
44167
68152
88624
63065
11390
98967
38119
95701
90064
51849
58579
23331
62599
66430
79179
14652
99553
25443
98244
42095
65064
8996
40816
1601
2431
8796
52417
93860
67544
39227
70731
95923
48194
66450
71816
67303
20704
8030
23829
67737
65653
81583
77529
34997
88187
10356
24421
90391
57076
20965
22711
64548
24535
14029
55289
31912
64524
17489
16646
23079
9267
41537
99213
96610
18845
36091
35662
75849
2014
7190
60929
53047
95227
46193
80406
46
2654
87896
5942
75184
2312
33808
45353
34551
90534
41601
57905
2769
796
90525
79220
75196
93309
33328
17143
21946
23581
13062
24261
20401
94718
26483
78671
2882
2758
14979
461
66403
10546
45759
931
41851
97540
16760
20414
89370
76343
29812
83230
57619
64403
9682
14254
83735
53852
80475
25326
64206
80837
64487
22066
47764
22210
60681
32803
35087
8347
84089
20323
65800
55836
68956
79854
59853
40585
27601
99068
52578
98543
97978
44930
10624
31062
95461
24920
70219
64306
46838
17078
55987
87289
67316
52344
67687
36815
76141
97697
95344
892
9990
10907
28210
94912
32994
82620
94426
13469
96430
36036
46819
86930
2791
93987
4428
14600
59657
84664
26638
58436
57046
147
52604
96285
70495
56348
69468
60968
79089
77037
68604
64687
23839
8506
7730
99393
19943
17937
67765
40547
45508
98780
73298
23235
6704
68260
32395
68973
55028
52911
80274
97494
45005
92618
92734
36438
67996
37154
63624
60819
43147
9483
29669
12440
97495
90116
81887
41284
43966
42162
47346
21247
56262
61320
25600
34120
78344
89704
11186
7881
51287
7108
64492
79916
48209
85565
48300
95847
2497
4333
74079
61362
59918
78431
56543
39513
52067
81276
40364
44429
57084
75809
81830
19477
56106
84267
6724
82147
5155
38485
48629
10849
73609
2072
75665
31625
38709
34417
1658
33908
47200
93985
8244
63178
7310
33102
3070
35544
38231
14982
63501
67360
82643
86979
15044
78570
36065
30442
9361
27385
38069
40142
92742
61368
63676
41906
81331
2418
97997
33419
10141
71329
85613
77027
8445
51647
33375
95482
65143
49976
57190
8647
94005
65025
10776
75965
62016
60193
55522
15752
1275
1453
15698
9527
98076
38802
25253
15699
49095
46731
81389
15021
34376
93267
2174
42839
48525
22228
10709
62248
89854
49566
88005
53763
96538
5811
5216
75825
48623
8799
94111
93770
41237
3141
4206
15347
67528
78836
6775
27554
12289
8600
24425
19805
52080
79725
70821
85632
95447
49167
40964
27133
31046
95213
71912
11037
24974
29083
39390
92517
44100
5446
39789
30292
49109
59299
63870
77576
15264
51201
33863
74049
3541
56413
55126
40381
35624
49075
54422
17122
48785
53906
77089
14619
9443
43465
68419
32698
14022
7069
92934
88027
26356
49052
40415
7817
57421
87180
51444
89241
21464
87709
48041
16020
26998
58333
99206
99347
82372
98026
36742
51107
30733
49634
99455
66791
90249
18294
53929
59453
27575
1981
79372
6841
72850
25125
11626
87309
82515
54756
47334
71082
38978
524
26192
14144
96570
87389
74799
39585
8793
16341
63369
75972
82944
36482
54994
74214
30733
93080
57550
40842
13171
58302
97733
12705
33331
85571
20802
34469
60825
13550
2215
14111
28309
26835
91761
44361
65652
52769
96484
12141
46394
69080
98835
86540
84958
38264
53998
78202
10691
88148
4840
50375
623
88422
867
32249
77194
1532
78266
17748
72020
25680
43051
9756
58946
2133
88448
38738
37335
11725
50585
25497
36028
18999
27287
3836
12156
40806
78983
49833
67486
31341
35209
5813
84735
78967
22300
94435
10123
90803
73768
23712
94584
14348
45735
64133
22687
74358
29296
11839
15160
20260
81666
12555
73074
81879
2058
15835
11532
71825
83921
40341
79378
68744
41733
49659
21367
8726
99650
60517
61579
87468
16413
42250
30009
24903
36301
1790
15200
63003
10166
59701
54476
51851
50291
73478
34640
23899
55136
80970
20770
64157
38241
8260
6260
18311
50034
22203
93130
16198
58475
47938
25213
51532
56368
52792
8491
11236
58771
18987
76728
44615
94822
77016
68805
87654
34689
36237
8587
40999
55532
28720
5140
97006
30378
16056
42199
26480
6978
40057
51950
15213
43627
79325
72021
2518
42707
96718
34305
30857
86028
28336
70235
14078
33587
65163
85880
89209
69087
9382
19030
45696
76611
75791
52149
67719
63263
74583
76335
16743
4681
3738
31253
78413
92788
43676
81832
47790
77498
18063
41617
98008
66508
67441
49502
74180
55506
58451
27865
9928
62432
3444
55558
56009
16088
41259
67672
8877
27606
20548
177
57550
32573
25185
20565
63147
57531
27906
47530
80121
7931
25024
40910
98294
12039
82546
33844
15422
55703
22963
55708
25558
954
95515
98926
88070
53920
73545
49971
19556
50755
90850
21360
89483
48400
86227
75136
59947
1141
82611
97613
71865
14664
99620
77739
41223
72433
96312
21841
76943
76373
8207
21333
16008
82049
76927
48578
52731
81103
78221
26808
76496
5112
15479
58401
20801
59062
84276
4332
16112
60309
38067
58791
22036
89173
13696
47517
10735
34878
28581
9802
79451
17569
55021
36791
84386
82951
44099
32183
6797
953
92250
39645
90260
77674
90918
41911
16852
54981
37895
29643
47295
98062
56326
36908
99982
54488
27671
38969
19057
42787
37758
36658
71974
3247
54383
63832
61992
75201
74381
33344
55423
15761
40820
41876
59541
95342
70227
29511
23273
72527
17968
52274
91485
7990
15311
19663
23721
93155
42798
66321
40306
39443
15175
78878
1557
82770
15321
71371
14045
43076
45056
83090
27381
87820
55072
9554
37752
49719
17281
27203
1283
22568
20500
26837
34635
22273
12660
15908
69483
85898
38056
32058
65654
12865
32773
75585
96779
67551
98192
33507
69735
78627
84512
53184
3380
18525
45378
15211
77630
24857
95926
8098
11238
99909
79479
26376
44112
40193
54392
384
50487
57507
44202
78408
40129
71139
11066
36400
57869
19498
57047
8021
80040
33522
3057
98751
64414
50905
46205
99699
93806
57192
5045
21237
10167
9786
57852
95262
24718
60460
8607
93142
57746
98816
82327
16559
17206
78701
20300
59358
93341
94726
65619
90006
21893
12901
37655
68130
76826
41172
2070
72542
32298
49368
99490
65075
13913
38779
93032
64493
779
81172
13197
29947
88350
28629
28884
97443
29627
92273
42141
18975
44993
51656
1447
13272
77281
73200
76310
9213
99273
4641
8720
26656
57976
99902
5985
30925
38672
44667
6046
16488
33385
58319
83174
65474
84833
68215
23205
92951
47186
94244
75250
64392
63196
50851
46328
43248
42338
33063
63666
48677
89937
28789
28112
16172
52730
3084
75830
98489
92672
57999
45091
65122
18413
60848
86479
85727
96607
37498
19725
67777
30624
70971
35984
16588
52307
33708
79498
17650
13258
20927
2607
29325
6709
27972
9561
63096
93236
32024
48933
66762
94414
51658
96506
36209
15930
86155
19402
18663
85178
78290
35536
12627
23432
74057
72153
30399
62601
43831
3488
62290
65726
15563
37074
5865
71129
48930
50096
63542
26860
73685
3698
18773
93885
38498
60968
75783
62261
90388
19676
37677
33208
35698
87923
68067
41648
26562
51795
88310
8930
27256
44479
69123
13058
92479
47229
49742
41665
1602
28280
53628
92548
30711
20129
74541
18449
53320
48048
29913
80739
91744
42697
46950
50172
15631
96410
91491
99674
46778
50528
38917
64834
26306
54506
36859
25145
65167
60437
75919
18034
89784
93590
58588
37985
28082
45142
74087
72654
48467
3287
50427
22277
76002
10005
26949
14571
98588
9384
67560
50443
13157
30278
36350
67022
66762
53573
37325
26120
61135
5406
31553
40399
50746
47501
19787
34567
99130
50965
19734
11769
71861
68097
4865
73826
56813
22788
94494
59911
33327
26050
43527
63495
99640
232
42616
13545
89603
22677
60748
49043
61971
51324
90263
17724
45626
43650
19421
70394
61924
34114
11982
20181
91363
41360
46943
47581
19991
43867
21094
50070
83034
93899
6130
82801
37669
67273
61700
37751
77954
54974
6926
24030
96432
6516
71814
49118
75148
32537
1350
8381
42306
21921
77380
14470
54416
39275
23945
50649
59027
64828
2321
49372
36913
85160
70814
71566
92002
70543
36600
77820
92123
57859
51525
72461
93784
83848
36577
43512
93286
58005
73274
71445
1770
1399
61035
47569
73873
40532
44627
71963
58134
39756
67217
94619
90633
32412
8735
89603
68866
89117
12711
51005
69026
62249
92870
49091
75713
92957
72700
83278
17306
47322
3149
27398
30223
8486
56408
57721
34650
29743
84049
67879
35698
20464
89692
65625
73942
92236
55272
72145
21561
64631
96838
12765
44170
99123
92101
8486
59422
33816
37932
84293
1180
3981
47891
66324
43589
70451
68926
2178
77503
91618
65270
59360
35260
27498
38054
39449
67275
51675
5391
39359
99099
49856
17160
49536
23560
34214
8278
35704
97411
98875
65220
98047
17954
43154
27263
95907
29953
94210
82289
33808
99859
21614
79864
82572
5833
86176
10178
59487
10814
62734
39559
63888
65244
37630
58690
90987
94511
86310
26861
35901
44805
94796
70137
81282
45726
80812
46407
43702
14997
56856
9542
11496
70251
89241
65161
83757
2700
16628
26948
90160
57248
86984
22051
45191
58705
15732
87111
39553
17204
54645
35966
19003
32534
3565
38430
89426
40580
81856
61661
30194
61527
91159
30480
73581
76154
12167
40446
83880
24729
72524
7553
49967
80520
910
44280
94761
38189
18470
13515
3110
24331
95322
59517
77876
33484
32388
935
84721
47722
29201
80567
79611
55577
24229
28292
92259
1781
37691
65292
34721
19332
50154
19404
50272
28264
44068
75099
64602
37796
87864
61987
61278
85127
55863
56413
79821
65305
2963
86729
71941
52385
66339
54215
1525
22833
94788
49013
58319
88336
67738
4005
83099
45954
11604
30041
59624
17653
29869
23422
46333
39978
98830
63619
65678
91965
27984
25652
98730
40915
25760
14583
14193
30592
30044
54722
97635
2706
90905
91031
32372
40574
5671
1534
90075
70725
63820
97181
41098
34690
80941
54998
53816
58835
10316
53373
79481
29569
23914
44756
78799
51885
2989
46310
90778
59801
89245
59516
82730
34481
29865
68351
55350
35956
15815
43467
23685
86947
17176
95339
68010
66212
27113
57975
72621
73683
45846
26087
12547
34086
87273
81459
6207
1404
45504
60169
89858
13057
55821
73577
85551
99232
27670
87552
61977
43622
53853
13023
77725
48494
16283
15192
41580
82511
27973
11669
42081
72958
34608
78965
30449
14657
78448
55043
94112
35538
18396
53460
4815
11148
54382
5661
63827
92053
28934
14863
4450
62311
75342
99440
92999
81884
1240
95735
23445
70902
10884
18596
26199
50281
190
62265
60966
86854
76292
1753
75604
58660
20644
50716
1893
92845
27492
68012
62749
68290
6268
89631
42612
19052
637
1457
41094
60320
6549
253
51880
18030
11562
94424
76885
41671
55140
34730
37990
13896
5256
93641
95519
47175
89694
4596
7878
8569
85428
97354
91375
18205
71003
62500
78931
88681
39695
16789
41439
54511
8693
55901
89225
10411
17533
50116
57117
65868
14246
8953
95733
77980
97088
94183
8327
29166
25613
53329
83544
83075
40417
44650
38702
97401
71657
12691
61860
21297
24232
26706
59126
65595
27739
69803
56796
69248
81438
99294
56436
40396
62696
68796
49400
95862
92434
96263
91214
96941
72885
89094
4542
52512
36368
75458
44158
73098
52777
39040
81162
74201
48811
66586
3311
47418
75725
77948
11686
32418
98867
10616
29886
31547
8366
45927
58866
40649
42399
37181
97849
34552
38138
30119
6045
68612
95781
86212
89507
6053
83294
48381
82569
53653
19292
7938
20846
47390
60942
36003
98474
74501
10752
32552
350
65645
88989
79085
78823
31754
88398
74013
60044
14691
32799
91145
5911
44547
27555
96517
45185
66556
65390
34048
59941
42872
79392
59103
41430
85757
22658
8341
75532
41276
53928
14112
13274
74231
48983
38146
26523
61869
3584
54234
81035
72195
84394
2879
7954
35216
70222
59258
72635
18789
43676
84413
95683
23511
24475
12003
68940
69802
70797
68164
65297
252
65200
81621
7604
47692
85633
29019
1395
6565
14460
15882
7482
83403
7358
15358
63601
91904
47019
97653
46486
73843
11244
97895
82438
50661
60752
23939
24276
13754
37811
43015
30076
44025
70044
60507
39121
42944
48575
45099
73202
56455
35012
93663
78620
89422
73311
35833
50137
51366
87198
7307
81782
92857
50625
62610
9394
86744
37251
78131
16146
42687
39288
89616
4529
93318
59407
55014
18101
48615
43222
36038
87485
99270
46428
27567
21430
39714
26385
63141
40045
82935
93770
19792
66590
75182
4321
75187
77035
88930
88602
46598
47017
53071
61216
99635
37332
14488
31021
3754
1251
18741
1960
86593
6838
89912
73001
59180
21068
30522
98008
25781
3281
37351
28436
65816
66964
49475
82127
40573
45686
75575
99638
48146
81598
39068
21391
12772
38570
91427
53403
95067
79745
33150
95771
47376
55011
3119
52654
59435
20961
63627
99448
65533
649
68073
90111
14390
49850
29709
77903
94660
96150
75116
99069
92330
34133
11964
26665
15480
5494
93690
79900
7277
39761
26359
93489
10277
42119
59647
40144
66080
81819
50887
46517
43026
93754
23507
30768
80768
82133
59649
74085
7901
71312
53973
89427
51233
81746
32514
53394
28771
17533
49970
16245
92403
887
8562
30672
1207
96455
49533
33811
1631
53948
88164
94739
36007
27815
77110
46634
73897
29385
38578
26709
28092
49958
81638
42555
877
377
69122
89134
47064
95201
64958
38154
35715
28921
71493
75162
50199
42822
12509
38778
64572
43081
56788
77751
12400
67540
61129
72114
81828
14393
915
81571
55091
66974
20050
62202
90432
24877
72720
99425
84363
93672
10740
97022
73199
91930
37315
2261
46139
38408
17395
19113
37515
85734
30893
34147
77826
69381
23742
34603
80294
9995
11674
23731
71065
29275
52046
46740
82959
97107
40993
39471
22417
94837
12518
75670
86764
56125
10624
66595
19798
20593
47698
49957
84959
38198
77698
6748
30608
92383
4297
61082
26404
55201
66747
78281
33471
34722
34093
51691
36526
9263
66599
3485
29725
83084
5096
81237
6415
77831
86064
99946
60541
94054
33359
47922
82478
24126
29063
30310
44079
94469
66560
11010
61040
91167
56200
87849
94651
13813
20804
17798
26033
96837
91096
57293
84419
35922
20175
88127
24746
17019
95528
40364
10403
35466
59773
64979
4683
61155
13297
40709
87186
65436
48149
46536
63679
38699
83351
79735
14976
59898
31975
53607
40012
28696
44743
41316
69880
49258
28047
69050
65586
30591
78266
52655
44669
15489
55665
91437
93673
31654
27410
74462
88750
67398
20829
45360
63077
91816
99674
24248
84355
51349
22218
94290
81651
81390
90120
2086
19503
26584
73628
76103
68731
68981
3164
47446
93342
71055
36223
60771
51677
46990
65856
20531
58262
22633
99691
32669
20502
71097
42663
66318
8375
42120
27712
51468
64922
43273
687
32504
21629
4705
52425
8076
43289
88994
68641
73380
51002
67897
48987
76122
67004
25085
40654
64361
33982
61704
94004
39379
16006
62275
22225
50206
99025
44281
17438
39257
78453
68269
46929
89692
22677
90536
99083
29677
53471
68074
52829
44383
43910
91362
22168
24181
78648
25017
94480
49605
2043
20872
8843
14039
58184
94474
11916
97356
80996
31755
1399
91324
11799
10400
64608
52408
39499
19985
44789
11566
56643
67505
55844
70858
50901
43822
79242
61689
6918
47748
99482
33961
12032
94124
22982
44685
31570
87345
5068
95581
2564
85091
45216
86873
2294
7940
63314
25230
53588
60608
91036
51249
24760
47994
79755
93257
34364
74146
27047
34601
75546
8354
5664
93531
94402
23800
32023
81528
98327
23389
24806
43283
63942
20964
92653
49398
91460
48350
35354
98659
98147
85402
68596
51261
85361
34187
80516
35936
88526
44577
42849
8234
30631
76281
69334
55869
92596
60304
35090
89725
41354
38227
844
35827
97373
33778
41681
25428
67414
33778
72236
21404
43373
8610
60016
45492
58532
82502
43141
30675
83359
46031
65741
62784
2019
19787
16657
99797
15242
74872
86765
33791
39680
85108
14644
57890
15646
3761
81313
48633
38849
74500
46908
30460
41893
25372
27462
15514
35427
94127
61537
11429
7556
1744
5246
79694
28801
67485
72804
63781
31993
45205
59866
92098
72686
50087
11345
50658
14236
15269
47377
69449
5687
35768
1694
40550
39712
29741
51239
85876
65347
37004
74284
9564
58064
70281
21545
46232
41716
25011
87843
73907
93204
57674
57133
23148
7558
12495
49239
52313
38091
76179
22708
68167
14157
94353
73063
44192
10833
20183
42858
78566
53560
25535
88730
54907
95992
67709
55618
50915
29810
41489
50242
45825
42320
35228
64571
7198
93565
34063
14138
98889
38528
83966
54399
68152
10423
34036
36554
3820
59276
16160
66881
30099
16726
25646
61023
93638
63535
58320
63708
46195
76557
49370
93333
73589
1152
45390
90168
8863
28871
11596
87631
92760
94767
54507
19238
34399
40264
30661
70298
52656
97606
13132
88256
16831
14481
4986
82704
48481
20105
62631
52652
69291
67675
68532
7632
25170
98808
35844
42392
66001
46744
94762
31176
18920
23690
32156
53372
84801
85686
78023
7885
40463
21778
48637
61149
59247
75101
70122
3103
6416
70299
33925
52230
62991
15566
85633
78824
8507
73517
1058
77710
63096
25252
29068
24091
14431
37895
82679
97462
72290
78388
5216
7926
2508
64388
88569
43242
18119
44494
68993
94786
19768
29305
72206
72029
21893
71803
12198
33488
95190
34450
90956
71535
51065
52830
35032
66427
96351
42906
80032
89704
46981
99221
80082
14858
8013
60593
93700
53436
36938
12919
96706
87500
67515
96501
84678
78982
71310
60022
3494
74011
61830
45500
52519
41838
31415
11676
76048
3036
79310
17270
94233
72453
21902
74639
42498
34555
13557
43373
4512
34886
8925
99630
81074
26929
95390
15557
3762
75765
71632
9427
39782
23135
9199
38238
60598
28897
90615
37136
64345
63474
53455
28047
56744
85090
35074
55348
87284
19423
81512
522
22643
14269
6659
98885
6069
3845
34437
10013
67989
48925
40879
59653
31883
8624
13524
61292
69086
76761
13277
96816
55638
37553
31909
82010
43280
81171
64228
93849
76939
33704
52490
93694
79808
82741
3585
98354
16910
6173
61876
7248
9491
52467
31630
834
74647
4736
22843
42555
98465
23693
60012
74606
96333
68622
76854
95882
50486
51947
7065
22419
56845
11916
48222
41053
99563
54881
41786
77127
10243
94283
46096
1458
88016
12107
80882
17725
42990
50308
52807
55102
60069
92431
80712
25375
12256
82491
46053
49459
24636
6879
79557
75252
63804
15742
13994
43738
33977
83926
73395
25177
24182
62725
11931
72312
82481
44856
94142
36329
32054
70801
92956
79594
69550
71188
1302
89303
48052
64910
16118
45194
15016
42275
28843
65777
87997
47571
73265
10537
23949
87687
1103
27964
95212
59774
73722
28149
10809
3055
53399
5404
92753
78842
28798
68498
76926
14607
51578
36618
66349
62106
26221
63234
81213
87050
31472
6237
11923
31677
38199
40831
50795
65354
4883
3300
33193
95306
77970
70269
23661
64547
12161
33288
11460
78739
10833
92331
87739
49909
48279
43052
12047
9747
51373
8464
59680
16489
73527
98798
20996
35697
1568
74927
46071
74033
71587
70661
65104
19069
22565
63525
97519
65546
8703
59618
64947
31248
19257
87720
19016
70298
33714
95697
21917
52270
43324
87591
64084
45011
83397
3511
3698
6916
48080
68078
9014
10640
59809
7347
7590
58347
73048
46240
45061
28693
21109
62239
8770
24197
26554
67357
75273
66258
6094
76749
64732
76157
1021
90812
81405
19646
77245
8620
27170
85321
48971
15535
49515
91901
14804
35202
30255
89545
6384
64675
12306
82875
89576
37361
51604
52422
90360
53791
79459
95056
70832
30484
94000
80758
10580
90946
16287
25212
91715
30560
18712
13236
92373
1286
53178
86857
24318
28773
13167
20106
31631
59393
27643
81998
45916
11149
66798
68968
91383
87681
7577
88136
67195
89881
80285
32235
31173
12557
98431
75745
63933
81705
35287
87129
29651
63240
8392
94667
35171
21330
60522
55297
9211
79951
15619
60803
26676
24550
38932
98430
39963
59895
41775
78480
30388
70130
7079
85874
97588
33010
40128
81154
80493
67801
28261
9772
8455
18568
35352
13269
79945
79483
26755
73444
8694
33248
84622
42478
78996
69682
29354
19676
5673
21846
47242
51386
49118
56369
13553
42462
21541
89988
4006
20243
41047
36805
43300
64450
70806
1723
29934
35100
33585
12150
96928
87910
1670
9256
93792
99650
66433
46628
13203
10710
50147
66834
65676
29691
23998
56427
64384
42211
44252
37303
22805
36136
90880
22817
79033
7757
56132
15444
58574
64500
9057
64469
81443
1180
95021
76892
93822
48947
47391
53551
98933
97504
3086
87741
32572
84294
19543
80501
4824
54390
33054
54336
11122
21716
84427
26945
53831
33507
149
59848
84349
98640
52093
9581
14096
58264
93617
69839
96043
51767
40945
51945
4850
63086
37710
76813
94715
95472
2542
56897
71773
59209
83981
22003
63776
96652
17789
42329
27572
71575
56942
23561
60414
95557
24040
61842
15405
30576
74485
44406
939
46720
81628
28708
67215
11541
7624
32598
18799
88557
57671
3652
73746
23538
15566
21538
13443
37955
92186
14205
96930
77981
67825
89422
72885
38406
18407
87896
73724
48182
74044
80164
38594
53699
90531
66070
87119
43207
32190
41675
49306
36752
20293
52562
30620
50628
52261
63332
73024
87662
64645
80609
49430
5193
35171
65736
32839
54120
98205
37299
93538
7808
66700
46957
46549
78803
41035
93873
96344
33850
26965
36736
57507
40206
72044
83806
45791
60147
17302
38570
4570
95809
76802
29880
54548
32848
92073
83053
17751
46527
32399
38295
45187
69473
42024
18470
83495
7237
55319
98762
92812
74081
84530
76618
57963
37627
53601
25566
38111
40339
80614
51882
23893
91471
89174
36920
82752
62340
80741
145
80297
31039
4096
64087
63523
57806
73300
19458
9308
95181
42668
48437
25840
14640
98487
37276
14264
77802
87400
96933
6239
46840
83447
11384
48085
72749
28133
21908
25117
69947
90268
26439
37409
67451
36085
64265
49893
35641
35604
83062
84569
18815
23277
23750
5704
4636
3274
42955
61325
72720
55908
70534
21957
57271
32526
14182
44127
73871
18226
31167
77360
93000
52179
51779
63172
47144
35281
64831
70223
35127
46059
60021
72897
69486
75615
14929
28407
1047
42669
39114
87982
28832
2426
40087
19411
90722
58352
23883
54998
34889
47330
93326
73501
89055
99116
8986
76437
92857
23705
84335
41955
39101
88223
72563
40760
75214
32806
43882
20994
89431
72358
89197
99680
92624
3789
93194
64270
64783
39231
59896
26878
32142
98904
66805
65704
28116
12141
80223
15928
45571
19185
87787
35333
92926
25939
52901
14818
33749
89988
48740
40430
92238
85527
31401
55910
23378
69378
56372
4346
17457
75008
44163
62908
11314
728
24233
88340
10683
31161
66982
59121
98554
71772
69256
92475
62830
17675
57214
67556
55605
26112
61781
58428
4690
10886
24689
42468
14842
59196
94377
12698
15676
59224
96160
28979
46667
57096
31964
51879
49673
21267
36580
48741
69457
15294
57786
97255
41057
69387
723
62337
2307
69404
35119
12435
67318
50069
22106
16574
60445
60960
81758
32339
32484
50025
32482
86087
72043
30185
15586
71939
43569
85857
17804
59255
34045
56380
35637
79342
50347
71511
33655
57565
32722
77277
72360
31862
51598
50986
33335
68569
51055
39089
77765
11529
7038
74105
65661
91068
68870
90434
36881
8044
17222
17413
5779
89228
97970
634
61613
34452
91457
27315
5598
39453
32023
10854
26258
61288
31311
73384
63612
42008
81700
73524
77266
42560
5980
29386
7557
5655
44178
46901
89468
6728
51998
64261
97740
44614
15715
92379
75894
13341
93782
59715
36157
12004
94022
89339
22466
73390
65099
4818
9182
35743
74479
37740
43003
21948
56948
4386
37392
10395
81953
99462
24151
5274
81676
16740
72620
27787
80293
46276
6180
43373
56189
31467
8583
66550
55314
73601
94572
48012
84888
88974
12752
48051
12325
68478
1267
48704
75897
43492
61775
75948
66279
50874
7413
70629
97829
23814
68838
55870
58220
41560
42763
18823
9196
90991
18769
8503
50096
78652
96164
8261
42665
84255
75495
70039
70713
54541
17037
11313
37631
49043
84664
53711
97946
58900
29740
17198
35419
51118
22254
31972
29836
91803
29374
72816
50998
98868
14510
80012
14900
98991
77022
20863
46770
34729
96342
86511
92929
86494
83487
45491
23802
94741
52958
74759
95404
33849
26958
59800
84228
49314
33145
43840
93144
10003
88371
52588
35664
47260
57427
74424
64945
13791
83502
20828
93031
58767
64049
60703
30575
74485
39995
64298
10334
92205
50390
37304
9329
88749
18704
94569
33330
61989
97114
51894
52868
30945
49116
76382
20716
74476
38674
75583
4060
35759
6696
385
30684
11671
14925
8236
62231
45205
88183
40793
70688
52510
45043
16934
35999
38707
96390
82307
53979
98587
30438
88330
42213
49036
55982
59084
34175
27176
55682
29189
22568
92676
89375
73169
8678
18820
25086
40473
26414
86850
71045
32230
14770
33582
36105
98070
11560
16431
6277
59787
19314
61352
90160
76417
97135
11509
83325
54072
82750
95701
22548
67919
77803
34369
13417
17138
74999
15514
82838
46154
63496
60641
97274
87603
94634
17152
23437
79147
56064
22470
36767
53509
93292
35408
59692
28157
10486
59811
28189
80167
28540
31637
74175
34016
31767
56011
95064
94630
38149
57341
13835
73251
61240
91158
32458
16869
96763
4280
7187
66313
29212
24316
82568
5045
40091
34743
92687
45797
24205
28248
75394
97500
43373
58637
73236
59421
34944
63206
46210
34802
79747
20881
71889
20169
36340
39588
48041
23391
33849
73146
12109
57204
23280
22932
11190
47902
4628
29569
38764
70874
34089
70680
76832
3069
13413
79938
59945
41480
85499
87988
57977
58618
33061
7642
11483
57983
39693
24976
40939
47111
39512
39050
40049
27697
80336
2739
10076
63270
44364
60402
29400
49698
83550
82856
35851
73324
52217
42646
37361
76199
69212
12028
33970
98914
94432
21980
95133
62026
14042
8253
41732
43903
29805
94923
47123
79811
81231
30780
65005
70927
17750
33518
96614
64608
17119
49003
53015
11982
18779
53454
50433
3421
72919
57088
15009
97613
31430
84955
684
58156
40749
60752
9863
69996
33066
17571
52838
21519
77122
90292
90207
31741
22086
54073
31690
48952
75777
16774
95191
42983
74849
83823
98700
93199
11391
17284
66106
99904
78636
7707
8731
62027
24475
77260
88490
18929
72101
23605
68254
93239
25468
63454
53252
1686
22608
7895
43993
559
52024
2109
11553
59611
61694
22811
95559
45984
13257
91309
91409
21791
10023
64288
95646
65738
79575
24502
6079
34644
96465
25701
59856
93537
66675
83135
35314
99324
63688
29996
79942
64455
1239
47603
20071
69709
54502
90456
26597
30228
87656
89151
76794
98254
66250
93199
19306
68430
10998
48625
92380
56983
99778
16536
99759
82320
72504
46394
22932
71267
38108
56550
8423
81971
83757
59167
27874
99757
13257
19898
19343
78866
7965
11368
24912
60457
47434
94067
70618
56652
20002
8435
94271
72684
75056
96912
36073
55266
51700
77044
13794
71987
52940
53228
40752
16031
25486
24315
65630
79303
60209
66363
17014
54488
62316
2033
78411
51544
22294
94923
43282
60748
87980
70841
44656
55299
14898
52998
45998
94051
96017
46449
89258
85326
68990
20044
51656
97648
2330
38992
8581
26568
75542
86587
47276
50801
34511
16007
12065
50668
33591
47144
82714
43211
3764
91938
95470
59900
71490
97445
33605
90928
26419
80198
67248
65127
75607
62491
27698
71482
94999
10578
56955
51237
19162
45870
65653
47887
64843
54784
64823
9687
55378
14270
69047
81821
71486
14242
71356
9450
16836
47138
94738
76892
73601
51719
31607
66962
46843
73516
79186
90513
34534
35061
71363
83377
42179
99433
2357
1927
27331
15790
63728
8239
42665
36992
77836
6773
67405
44461
7584
30016
41916
10640
77399
64125
36125
25608
19716
79363
81551
58420
83980
11976
44302
4941
71010
76960
64468
54944
93841
92812
27132
40198
70514
91943
30017
86754
29917
57032
36357
14455
43196
8084
21486
86308
51546
49892
95627
8764
50939
80879
12277
59846
15333
56820
26352
98638
53468
29062
23793
94182
30060
61619
34393
48444
5343
7347
29599
55769
94318
3818
56331
90836
2868
85402
95551
70321
51038
30280
70192
65817
28287
95592
48050
90102
67904
56264
74259
74987
94197
13175
94269
81199
4554
12464
92607
90820
67516
22599
8869
41624
11204
13870
33123
47991
49550
4260
78513
40363
22024
67451
78544
16753
80918
23524
16779
63577
51458
27289
81273
12762
51280
26311
23550
47855
82128
87862
41393
91442
45901
10263
98553
39380
86114
14441
92048
85974
93100
2887
41609
69351
39707
68626
77006
17082
12546
53142
79906
3778
99085
53467
73062
6222
33554
15627
59479
45723
85697
26715
1204
54458
79157
34103
47549
57184
36940
50895
85271
80995
51475
97752
37484
61976
88155
63872
23631
3846
39752
97810
41021
1414
10407
29314
86719
74874
53823
37077
75340
44551
33441
26608
72459
29040
38394
63420
8119
57616
12199
76851
65371
13492
69799
65034
94268
72243
88364
32090
82390
22282
39979
99884
97790
61560
58356
57153
92583
27379
187
42651
2817
46150
13364
56044
60123
5800
92318
40409
84361
75385
29334
2346
85217
94203
57388
9009
90175
60171
38418
93108
87240
52922
51057
89560
85963
52813
14582
91148
76803
37773
57866
34224
65434
77548
22623
40161
30952
37397
45766
95202
61913
55086
15133
94663
18796
20653
15365
29601
95703
80436
20146
62433
46248
