24998
83207
9236
53616
44829
79716
47412
27856
63098
40409
84821
59385
54389
54586
97785
18852
62920
87454
78579
80761
66579
86196
29434
16881
67649
70724
40601
66854
79042
1092
35299
77785
9719
67123
8067
48864
41708
23638
6738
40074
90559
73740
22018
19280
89887
26991
71927
66042
53711
41930
43254
58379
4522
46801
1077
23371
70657
51906
26801
85999
1760
67607
60447
41222
84334
18532
49658
27650
70387
47731
85371
71905
39732
32729
65287
40504
43609
32564
40546
27579
16144
60740
72993
42283
5963
9060
69469
87100
79364
84356
92451
69922
17696
50275
57609
35096
26289
42094
93083
82540
89590
32527
74547
2378
99165
73940
71751
97316
94825
55870
33469
10747
15151
50338
76441
61868
47417
13440
40854
22458
90381
62781
499
59923
10056
90751
9541
42690
3460
58468
23499
14545
56377
66272
76863
96953
49536
48401
84200
9544
27602
77984
94540
46765
23086
59223
69858
89154
96154
70585
50821
89655
31425
45986
31397
50807
32123
50813
29944
48793
20138
68572
61134
94982
61056
80503
87170
6593
51614
55524
36652
27256
51288
76815
65491
70374
51156
87862
8256
99874
57649
92388
16301
48359
10628
81576
43005
9025
97949
43985
14149
51473
20296
37384
13544
52125
89936
55786
12768
65815
92382
15872
26072
55880
60383
56605
57143
61209
76323
25556
65302
97566
18017
47764
94003
12032
62201
34881
4030
80165
50642
54671
53712
73853
8193
26557
2268
93676
50187
70220
42014
31535
14753
84475
88272
41581
66826
95617
40955
66779
54592
70534
87465
44396
57840
64829
9113
13971
79332
78402
18925
78551
55742
62732
69310
61106
4250
30223
49103
72261
38902
16210
66686
86300
5454
42728
76439
42361
20735
59468
95203
85344
25998
76990
18942
54975
40833
74132
75973
90423
76138
1823
89838
35371
4900
51804
91186
40964
1910
25011
4069
35806
74261
29199
54663
47731
66503
69210
7378
44962
50721
32660
51379
46748
73265
18065
64342
62314
75800
80045
72667
11870
69551
64300
55557
28917
93706
59537
41552
22278
30842
8795
83938
35402
70893
15479
43642
76936
12144
70854
63205
71259
31028
30221
49936
22338
23118
43059
56760
81380
38969
42394
5693
94909
26742
3805
18453
89706
97235
76994
46300
55213
15466
19067
15977
38173
93696
42911
30461
76782
47502
25729
93460
73848
99068
29418
10717
49190
84905
17879
47238
28414
31240
17073
12209
45960
63300
70501
11939
20412
14083
57248
17851
98669
43593
89097
96032
97644
6804
98011
36178
3610
9156
4413
36195
92205
14237
14303
45439
12350
80933
90547
97734
70573
83241
8774
70586
87442
72348
97050
25107
57985
77311
5857
65424
63801
79451
51000
49929
25321
68299
22301
34048
37983
83671
82863
96085
47087
54555
40321
84856
47036
30471
27354
81018
80390
27999
66348
97596
64848
75491
49550
35177
50572
35753
80537
76448
97478
52229
94844
41929
5322
16298
64092
47592
1586
24523
39531
50319
44560
85403
11747
33518
64277
92754
70303
49478
87836
84944
37463
53916
18037
33628
27991
60649
43921
33062
5402
59981
45607
58187
56424
53795
28450
4566
44105
880
98567
28739
38309
821
36518
671
62842
4612
9084
47307
65208
78160
39106
49888
35068
1661
18967
65132
80039
24150
97061
8058
47259
10333
85330
69104
61073
12797
85669
62194
20186
20667
37618
95587
99504
52363
88932
34124
888
13215
80422
565
82135
25754
51118
76209
79502
23075
89991
23894
819
86933
43930
25513
53613
16339
22616
88888
63436
37497
93607
35521
45730
36013
94854
95921
38402
35125
24830
28710
71188
69762
14535
76981
35442
88073
38132
94728
52418
89362
86716
66495
25903
25770
47814
95543
85446
56243
9680
16520
75979
32476
66876
3177
16502
4619
57432
19790
24558
56918
75016
8785
65695
15569
97362
5615
14395
67585
70566
12201
75403
23375
30600
15722
63120
95961
87259
39785
31834
74722
24012
57156
77123
70026
22424
58892
89161
47320
7963
7680
94215
12435
1622
24754
71856
54800
56668
74854
78791
53670
87705
61080
413
63389
4224
42140
15687
56869
51151
80769
82844
76323
89249
4975
8104
37126
45168
49200
90064
76600
38724
88939
97923
42288
14941
55339
79544
81316
99609
46142
17994
18939
57058
62489
26797
55329
81847
45785
95115
98035
63381
92548
86176
50106
37538
59726
16750
65621
20247
11608
30366
2447
75847
36530
52212
79888
12144
27553
30093
52912
99196
90556
5784
40741
9620
7760
11886
27837
35202
4964
9071
27815
4098
41815
27483
96236
95493
47716
55401
31452
26561
53191
9511
97634
47768
49114
26479
50009
9282
12537
39778
89368
71482
80612
85925
40616
67075
85890
57236
61207
12949
6945
88071
80837
54888
59452
61728
67420
66363
23670
9389
20732
80578
62371
59616
5748
12714
80262
1224
36941
95177
57333
81740
7200
72711
4921
20836
83528
28547
31441
73972
42930
75236
47637
87142
53393
95261
98808
68227
61358
99323
48103
81550
12060
55886
42863
59996
43241
50577
78651
59603
55281
78584
90650
26014
23501
1654
58207
36395
42217
36712
30946
23778
46035
85570
11268
9954
6702
72115
75344
5785
91558
22263
60028
54463
76607
73145
80815
78128
78822
60995
9980
35876
41257
40900
31853
52461
47426
21916
1339
15373
55918
81447
86233
86161
14172
61571
39185
42509
34593
51328
45830
44341
65769
78052
6937
25078
12680
47544
86951
29807
3086
60402
20686
11631
10200
14847
57584
60172
93603
58605
62129
34173
5148
2962
36251
70549
85843
75485
23937
40124
29870
95159
67040
76588
88058
7957
6593
39077
14428
88413
37306
31149
62917
1651
3509
38088
87396
19647
20681
11407
95765
60252
9924
50096
11671
32479
68522
21955
37948
4770
45303
93156
80505
87180
92096
89745
68509
5823
98808
8321
71231
74590
36142
37087
84239
41657
19316
4290
21423
87575
61306
6603
11483
55230
52729
31899
91011
79553
54508
398
25081
12327
66200
44119
35590
50324
80908
21080
93047
1174
76195
46271
57844
32878
30278
8184
24945
17145
69839
15027
36286
81594
19433
14035
27129
91654
22579
6288
44611
26124
60131
94154
32496
40319
34055
67210
13688
61505
1094
53462
97098
98606
6789
72017
65921
74017
96550
58285
69006
99239
12203
81934
628
37086
23193
41244
2995
66122
36279
49604
4540
34516
29269
17452
93988
24831
60297
33809
99188
43017
73812
60063
1276
27866
4835
95820
95464
31756
95154
17905
16170
58038
57068
73382
84791
10999
78573
99481
18638
90652
93448
9899
3379
92974
7812
60231
74394
32923
38017
89440
31998
68735
57241
27461
36433
99278
89665
9732
5902
43073
12462
62104
61898
38747
41269
95792
2249
38743
2283
8030
25677
32112
17227
25145
27465
42444
93526
7888
80532
7942
39636
33066
99705
26967
96984
56831
59659
6336
76386
57836
90614
49750
71614
15735
89233
47786
426
31840
38895
16756
70422
24256
17172
67835
63107
90081
78981
10084
89997
43898
89592
37237
50853
91493
24971
69189
79543
78110
10608
97154
7499
44282
45670
88254
32583
47074
71043
99510
85233
77386
32109
5376
46801
48115
71752
86673
57845
17305
39625
3881
88271
7961
38665
26236
953
63395
4438
44349
65273
93208
46180
11336
63487
71873
45664
51916
23531
459
47716
58452
73931
69890
6854
12113
41538
34153
63372
4358
35429
79700
43130
83183
19870
33250
97132
45870
31284
91162
42879
22835
62786
97600
95401
53000
65283
20340
64713
94263
32719
84616
80633
72984
14014
13660
92384
58746
236
63512
45828
36877
23254
65349
29244
72106
35616
42952
2084
53664
41848
18716
73450
20476
13653
81899
90789
60020
73946
51401
2661
49904
78871
18221
19461
90037
61998
98476
30557
47055
88851
72468
2900
61115
74412
48386
10323
48846
72184
76864
42005
39110
76076
93503
71290
44907
34904
93580
7323
62272
29385
39026
40087
33068
42087
63853
90508
43008
63102
45862
32066
41093
11035
22736
75137
29731
64652
84893
86691
47056
15530
4317
52547
4339
1938
23637
20533
78452
41006
15160
94255
34210
53587
26500
421
70048
58756
35548
17139
88013
52915
1565
55091
29838
37511
11968
83086
89658
90170
61227
36239
80290
95449
40116
97043
25692
96655
77331
25597
30539
87163
98754
27110
3724
45725
8692
20721
74686
56880
76495
95836
13327
44241
53799
68339
77472
47805
64376
78111
91316
40761
83744
7516
94874
31723
28568
6280
46804
76806
51949
24951
10276
10339
53566
23587
73586
72586
57460
33344
92380
42832
48697
2446
97179
3226
81334
67335
82957
56960
53998
73305
14021
28525
37296
36110
98667
27747
61341
53958
85297
68507
56407
32806
35859
75242
53281
77770
95402
48991
37689
38038
19821
41096
87118
54058
89668
12565
61952
76979
12779
16244
95507
18334
85888
24635
66895
62632
16361
79269
99896
75058
74757
51923
94020
83280
98733
83444
16510
58239
8966
19199
2935
83030
76902
89213
67683
53910
71968
38436
74263
40059
24750
66141
67677
54389
50746
47879
48273
75888
20681
85333
97148
1646
49252
49618
7754
18839
44452
56645
5258
24487
17786
22639
45217
56678
3417
49233
8940
71796
14497
86411
81904
90147
66856
32511
37087
13055
96838
66932
61482
73992
57405
35959
89117
78080
32323
89243
29692
64864
95726
95649
61848
74533
11771
46163
75373
18920
26171
8970
16507
91147
37531
59215
5439
63278
83534
89502
65422
78946
16185
83335
87982
99733
11707
54863
71344
57164
84854
71699
5485
15791
55678
33612
67644
27197
93373
97102
75790
77888
34529
1642
15910
95388
41859
5332
78520
94017
27797
16575
29597
28961
93031
46435
12656
61179
37493
37153
28936
10292
41073
70237
24915
38183
71528
48650
85515
51924
18196
22596
49111
71732
38942
60599
24417
49901
58221
67581
11887
30176
51855
87684
49377
69888
4707
32685
78246
77469
91585
54641
96666
85854
68839
82206
43776
89166
94849
99647
27864
65965
4467
71738
88382
13831
76294
65395
94911
41505
81261
24430
19608
68399
99826
56466
38508
67107
51586
5960
83074
7969
16434
92611
45657
47021
1709
42553
28233
49894
67643
27088
41112
48300
40623
20340
43157
92284
96333
49988
2548
97180
75094
80332
22343
92050
62577
22637
46997
73519
3224
27769
62009
8489
11324
35963
63642
8742
29878
61043
43330
5204
41484
73311
30206
68085
12700
52981
10833
16440
43975
22412
65077
94915
61501
97851
82031
60780
54785
43449
48910
82279
632
28356
8831
85337
82932
21405
27216
3180
28311
35696
58303
93019
2342
51441
50526
64429
46189
58626
36518
50398
89993
48465
42421
33657
14325
47998
40646
36994
83060
44603
64715
14351
29463
96876
85609
94679
86252
37133
36847
62595
61988
22643
83476
98049
14015
19274
25357
91639
407
83518
54472
93556
24869
41206
69929
64578
18259
49530
96030
14936
21823
59861
65632
9740
98377
65173
38889
74310
12186
57743
43884
79727
91857
448
42197
13352
99946
83599
79806
79319
60973
99534
58219
956
84689
69182
1700
65090
84779
77394
30860
3026
14839
84588
47106
57313
37377
94276
1011
84265
63601
24743
54778
83733
10737
56252
68694
97141
92700
74882
12870
45362
84804
75093
26691
95963
3712
35887
91354
23230
83408
29323
58565
39635
80719
41637
47813
93714
52276
19901
16477
98085
12645
62298
27310
81048
63577
50027
28395
66636
72775
72520
91608
87307
75920
16248
62692
75573
86406
26988
11808
13849
77304
6856
77083
14944
47867
64930
90619
38980
13590
2563
4378
37502
79242
40458
31451
58972
61180
35248
98759
85264
26017
13030
81577
28486
15653
59386
20098
91694
38871
47033
32617
87063
61588
25582
68515
9885
42447
40680
50842
21369
88986
2106
27646
88599
25428
37148
31157
70533
65711
23087
17856
1383
55772
68926
81131
58887
72726
64928
94320
23177
15943
5689
19978
32157
85883
70624
77681
55630
69311
17244
95510
86071
40981
89543
31068
95989
68984
469
32689
67608
98598
1133
29928
16819
46350
92310
10229
61619
14903
64525
1508
43948
64171
93458
39574
66318
30527
64995
49145
61111
84320
76384
86402
44066
66299
85198
22602
40349
96552
26103
19266
62488
7636
50350
49652
90585
15818
61840
84856
37869
22526
92902
37360
43513
98710
76103
38689
20846
17941
17787
12334
28379
90436
34810
68562
88508
36959
50514
86970
22896
65242
455
86845
41481
38254
63733
19609
35933
52804
12658
33387
66521
83485
40495
41033
80052
39611
93020
92800
50305
75792
16043
41478
17759
6977
76300
38939
18571
50326
53336
75265
53365
67233
24298
84469
35888
94792
61319
41161
89058
77233
67806
92895
25787
71849
86955
22308
69539
98384
72437
98726
86316
71781
247
61747
70023
31818
97756
51440
61618
9812
6979
48851
95855
1105
73218
1022
97840
60661
43367
11129
18317
83171
56378
16586
4216
97237
10174
77491
7432
44073
72566
19688
34418
63752
96068
17643
25527
9459
34892
51174
4726
1964
82776
77252
63457
55230
18453
27629
813
88394
56250
50109
41571
5616
60200
97663
53587
81238
23341
84939
8169
66776
68515
71257
99223
72364
82550
49216
69554
75696
69154
81584
75481
53267
92634
90344
74544
48828
35461
64565
8523
50459
29219
54824
82149
22219
36558
14995
49425
41056
71164
22016
26279
69746
48800
95693
81568
3686
16560
50664
40029
55318
12385
15106
13889
65084
81550
39251
57824
36032
21944
3819
21327
90779
5639
5648
31066
26120
16623
82649
42452
18438
56014
12614
99081
64588
77745
95417
9616
8810
73558
69461
43196
7479
76493
95089
42610
62908
73783
73177
820
14781
54544
39810
23708
73503
30634
67336
69860
50075
12622
21222
84962
95709
86759
30704
20050
71129
12762
49200
38187
95275
82989
69628
51795
5865
84393
82993
97486
74695
61690
77774
14418
49671
56883
6703
7382
30587
98606
10339
77673
30872
88145
80205
66366
91673
43053
47028
13637
40525
40351
44103
65685
75518
43513
21073
42022
62751
33243
31316
72763
21617
62683
29445
57180
36114
2500
91044
99265
6626
26362
43575
35435
74099
96923
34978
85293
79213
29601
68293
26311
84924
50629
19057
88435
97943
81917
2120
47576
77165
49894
49232
6460
21549
4381
58356
10327
91026
80070
91128
44930
4393
15024
98582
96046
73665
74064
16602
3826
99118
76713
37750
20924
42938
95982
75139
52488
2441
62942
77173
85198
41415
64046
57465
51510
6864
96132
47501
10598
68475
13663
33436
96924
23844
90388
59733
35320
68149
61172
34472
1809
10064
49065
22620
52711
88155
71903
33967
79320
38409
4415
89451
79052
84289
57270
70466
52459
69421
41301
89542
68367
5634
41490
66630
46004
5606
50315
96777
19851
84611
82027
62592
27758
4006
84388
52204
79438
71572
47356
89836
36168
23562
96133
10624
44022
12880
47972
543
38753
87161
88756
61457
27284
73561
49699
69226
18860
49700
52185
8836
72012
82751
19448
87895
88206
6789
89439
73656
55059
25304
37449
64683
65786
36322
91347
21862
15023
20006
33979
89284
76411
94248
8772
7907
90938
58294
33845
27259
71594
89682
45761
38043
49983
73949
93665
3937
29875
76865
33182
40213
94011
32923
40107
7747
77205
45219
65518
20979
33341
73913
87423
62823
52638
34702
22601
60656
9285
48652
97166
80365
66034
5539
60584
10978
10440
6065
9161
66641
94884
74765
13603
69911
97002
59185
29508
43333
77658
88225
506
42745
17346
91804
7252
45209
67885
24990
91049
81164
81145
52463
60177
3253
23558
12140
55121
66092
37226
4880
33844
48251
36066
10558
56341
51218
32963
50158
68250
83399
83759
90993
52378
19757
86466
61059
93214
95632
60844
98221
56709
22891
121
88691
23426
71942
14604
53728
4096
92591
81610
99532
64934
14963
36147
82184
83158
37402
747
39910
56143
55548
22902
18663
42770
43908
36835
44290
24641
40223
91839
42830
96163
67713
51178
6093
41573
16340
40135
19253
82171
57182
39596
4603
94467
6542
23514
22590
83306
71458
77798
43950
97736
92057
32150
13751
3047
15568
88423
99374
60705
40283
24555
57462
74887
14753
14160
8591
34270
55700
16091
18461
83907
71212
38932
18896
43280
88672
24539
88693
87446
14240
83160
12056
26602
38097
12752
4084
72828
27974
63732
17913
14658
75223
84403
63865
26580
94273
87151
63791
42961
73242
82509
9644
23743
49455
63174
80863
45551
7292
43323
93728
40670
3142
62053
98682
77271
19097
80266
45875
4151
55674
76332
91257
64009
9096
29691
3274
55343
15731
16779
79840
4354
37176
66560
22743
57776
9273
20037
57085
1829
32022
30812
28597
49157
85066
64656
43687
83125
10948
74087
84007
18105
78175
47187
15073
18328
73729
68615
10942
62268
8205
97415
65430
22645
62789
53912
50450
49085
57663
93974
72924
66262
1570
46757
63078
40400
41566
99295
3347
38278
20294
11627
36774
48872
73067
47183
88773
22996
35446
5404
35785
25693
94977
60968
60037
42062
88210
63065
16433
5800
89749
95869
39762
51366
9173
11031
15911
97058
90167
63476
75346
18128
65780
65435
8513
11304
46225
71202
665
6113
76508
61213
7358
73177
62372
51922
14593
99921
56661
60712
48039
31893
24207
80606
9937
16057
88131
98744
41229
38975
45162
96499
75929
31190
71265
39674
79535
19420
49732
67345
75249
73923
12966
48079
33490
74418
42634
27561
73215
96354
61442
81960
89641
81545
97313
74332
77327
42292
39263
6475
204
44236
19977
79106
23610
45947
25409
98476
74882
77513
63929
50528
8130
2239
7112
95604
23225
44140
92935
41552
72658
79141
82923
24286
38698
7975
12159
40669
5631
40249
74813
13236
79864
18381
39977
54691
95179
32645
69577
30133
90255
93234
56485
3923
95775
60023
20119
65298
95142
80396
72079
36364
12013
96159
37350
44460
57055
86932
66621
72963
2294
25773
86034
96215
99012
69957
29533
95675
20959
12791
21293
44922
553
8572
38298
13837
83707
43440
57383
35884
92750
61878
29686
55521
3654
26450
17639
49336
1180
98164
30831
70771
38374
81077
29105
57593
61317
85177
95067
9678
1418
90901
56832
59710
7333
3754
76301
10675
29676
27599
35818
23431
67013
49837
93072
77267
29009
64451
78689
85829
47764
65194
72584
48048
28517
98387
83790
55197
95502
39725
60342
23552
95744
10306
29366
16197
17943
73761
72274
57801
83365
26870
29399
59878
2430
49013
64720
35366
91936
17430
49288
44888
54620
54971
17790
90975
73221
26989
81374
29768
91764
27907
70689
90868
84598
74852
64483
49460
98163
53860
65853
66611
97435
58443
87583
68013
24718
71283
88524
46845
95176
68656
4881
79123
15048
82986
71427
27365
81340
86853
3444
99580
76235
12610
29362
60912
86590
43710
40316
79438
89228
5176
85314
55733
24288
28912
95512
47680
52041
41963
71894
75933
28862
90259
97743
34428
31148
63803
42732
82180
83805
65537
84549
71807
65318
57996
19163
52886
12462
26676
77749
14359
49302
16576
6197
54674
40394
7755
25333
27619
27842
27072
29476
37642
49397
40069
86391
97143
66139
99764
30894
28288
47708
52739
52996
35701
23483
68549
58098
93514
45945
52586
17121
95347
8391
64705
41353
86191
41867
93022
63883
22875
82766
1367
99080
53896
88641
35176
34972
35078
97385
47798
80379
88735
47022
72593
40934
21568
923
90738
89353
92562
74899
19972
37716
3911
64049
41279
22484
91216
18553
11087
45965
77963
25345
39219
77335
83898
84278
33377
11891
92463
64780
24424
64072
66947
15429
35373
67165
96294
43869
41143
21653
14448
81840
39078
27267
92374
25129
87581
45800
67097
64775
8608
82224
15608
12718
78969
64037
56101
75080
71221
78542
91317
19830
74379
86985
63057
92279
7069
3712
84394
80979
95319
20298
38729
53924
5172
48961
11780
45378
47167
9179
46509
33994
80439
58023
3941
84714
57292
89734
41709
84651
57094
40804
86749
53755
8262
50481
1805
81463
63780
51585
98576
51570
70422
17756
65729
85028
46866
40226
79094
88721
9418
97087
42513
48372
89751
94215
29270
92424
39057
21198
29782
86420
77530
23334
97865
60881
71098
67894
11963
70713
27493
47476
43005
60877
1273
71167
45628
79042
56676
39835
90927
68042
20354
40649
32393
3195
87619
97154
20015
41086
62475
48241
92932
22517
87476
94058
41663
62794
28974
79019
50046
82065
8710
46957
56884
73369
10180
8582
34462
96212
45646
50559
27507
97408
33354
25485
74937
24305
44961
34127
61748
45693
65279
83010
21914
22148
46487
91332
7938
51450
6724
44931
62971
78963
43018
91425
3705
2282
39386
5767
40874
35277
61972
77315
54118
86984
30919
72799
48261
20396
16628
83551
26922
99036
28081
89687
34461
55604
75369
50343
88119
42103
90848
27220
40278
42899
36404
64131
29745
71795
6208
98901
50725
7713
70170
35450
43597
49493
98908
53779
57552
90207
32320
59656
81236
68813
42148
77603
36657
89657
73197
54215
79713
14355
81607
47536
72595
2918
20874
64552
49982
89897
73625
64323
91507
62244
43300
69112
98187
16669
90062
28189
10527
89982
39785
79230
88343
41765
1916
41113
56666
94952
71142
11385
8196
44802
32349
62380
19798
1951
51503
90083
41638
42944
27210
50535
41911
88875
13847
68690
8804
34546
74592
61553
97398
37598
87410
53780
38357
29591
85438
28302
49243
1939
48570
94160
60996
76858
34245
72925
32578
50610
64743
68777
12301
4683
214
57107
95671
20360
88597
3996
46365
15912
76279
88546
22201
80721
95585
36350
62132
40121
74030
92918
23546
12592
18636
38144
4326
84045
20963
78997
16412
50515
43574
64813
73781
97791
3106
53276
74325
80497
24067
20040
41464
26325
1302
85798
36747
81517
18393
15761
32856
73788
14575
4070
56185
58770
57920
66366
77517
19535
55228
2697
1768
5078
45792
2307
45284
18928
37745
76150
57782
97145
47686
46668
12476
90795
81506
56303
62418
67268
39358
96320
37059
87255
49957
26576
11229
50957
91097
59805
6685
75509
17076
74412
3881
97935
37257
12800
74877
18193
14120
15765
98397
11124
4928
76444
14698
66750
10398
27027
10800
46604
94004
23071
2139
33276
94038
89897
63689
20821
50461
1682
92123
79699
4814
53876
7013
29907
22869
66487
92165
25751
35370
65293
52848
17142
37750
50731
54280
55907
30063
54340
79594
91640
28351
12643
5859
33120
92995
78660
79011
39678
10607
84496
84201
34461
59695
46324
21918
87124
31560
78077
28318
47317
52668
92690
13873
16947
21677
34157
92377
82414
25273
77239
27235
38557
64099
95039
29791
74294
62034
79063
96045
65372
77843
43660
301
76678
99514
37344
98617
49448
99014
45445
1903
8705
86498
41015
94405
88160
66887
46327
61249
60851
1215
12992
57377
97485
32452
10088
41908
26355
41159
94037
15084
12228
40301
99161
10123
45603
24980
8363
16154
1122
73587
30211
21113
85581
37919
52082
75088
81679
94314
12732
37892
10373
53957
82323
33030
72030
36646
98481
57701
47435
30085
1713
58563
84009
89121
60299
65797
89767
38784
50699
58468
45238
32531
38412
51809
31341
29751
35126
7958
85718
44920
78576
31495
60601
55344
44324
82327
66082
77454
14767
30454
41553
56689
13473
51288
97247
31155
5751
98497
32776
84611
29426
67261
87737
6954
41203
85612
57494
37743
26102
30682
16520
43863
87080
59245
40130
99812
60903
84887
51215
9278
18581
20044
75834
71759
75287
6029
49338
11111
6576
25251
58039
33440
94869
48263
59805
35324
97549
6493
46748
20843
8359
22497
26649
83369
53400
54202
34773
31044
54607
33452
57848
28411
20535
56298
12026
50241
19593
65127
95246
70497
62922
9677
21579
22492
9320
89095
56984
21934
49645
26617
65779
23214
54750
19759
58206
76852
8691
43283
97606
28661
77746
41528
88626
20809
39050
48180
16164
29486
9513
61930
85327
85189
27066
12805
83766
90522
25151
94049
36796
76738
69383
49602
96238
8061
2189
4008
77129
31738
34125
26491
46985
29466
60418
9952
75695
94860
79137
24014
82542
74104
908
54586
93522
37911
64052
14158
34541
85887
74382
15992
47551
92861
63088
39518
32738
65083
94825
20720
88912
75297
99642
24374
12593
21303
2549
25000
92900
6377
89424
11869
3113
10531
96774
79674
59497
5820
76651
8460
39459
67183
76937
39793
99316
21827
74459
945
95298
13261
59654
3274
17157
68364
94543
10376
40531
71474
75645
95284
79174
3170
41132
38403
32972
53620
3115
47376
51978
62870
53459
5316
93677
43949
78596
42736
49712
37401
64029
11933
79843
48342
19928
72891
61662
4766
79168
11414
9954
47884
90575
5735
64008
25372
16105
65991
52200
37519
58927
19998
29672
31882
81312
20857
31359
62781
23986
91993
64581
11617
88713
88168
37625
65531
69938
98503
57710
62173
59231
26051
74163
21932
53056
43078
24254
10876
53273
50186
7444
38583
53189
33928
8919
20572
46247
37775
59373
13380
24681
19088
79017
81313
86804
14485
43640
59583
91370
48946
60170
11596
83139
47380
2554
47764
36098
5685
73820
91108
4179
33586
47970
18928
30435
54004
59756
1617
67964
26506
97354
81894
29628
15064
96782
43195
83185
7593
24787
22119
80083
3199
14340
21711
80189
16075
57706
39624
94889
83032
19286
71802
26792
60034
45223
43775
52507
20356
59641
82347
2706
49263
23819
24198
90686
33462
24682
39413
81748
80742
97151
59734
63520
69299
33361
58314
50691
29102
91577
43821
92971
39667
83009
73280
41230
27102
19447
23208
79715
15101
91956
239
83421
94401
28643
68233
14148
66830
30864
38961
96274
37714
12079
29457
46791
30482
31558
80481
18985
80480
78712
92422
21787
65001
72015
55740
91065
57035
68037
7598
59117
50435
69455
4258
57265
57156
40775
5458
74658
31044
66996
56757
50270
37936
74904
62300
80186
32704
13398
28087
1
57702
50334
47800
35309
62207
16278
36752
13691
40556
86502
25686
66799
60218
53440
67654
98755
34365
25835
25830
29581
70331
50859
88675
31628
56325
94478
18618
91854
79265
81909
40626
32514
33730
81789
65383
90612
55769
54665
75522
36427
80901
87374
41731
88091
389
77754
33793
83783
71215
44482
9192
14007
39289
80103
82369
1777
28724
17924
66159
40023
21528
24727
34677
7677
32890
99113
65494
5414
83419
53788
2196
61530
12602
46320
40858
39206
81802
4978
75189
37392
63486
46081
27485
3508
21952
20894
58641
90464
46785
47151
73568
95785
71210
32176
14564
46024
96113
69784
35977
70613
26856
25475
46636
95198
85904
48097
31582
53860
79179
20154
56648
15378
82894
55836
19720
71994
27861
44067
66713
79630
67376
91523
8337
49208
8763
11221
3299
8119
47116
65404
94853
14390
57669
79027
43053
67371
9578
8756
60180
33321
58028
22119
40540
70338
43460
17350
77774
53788
23291
5354
24636
91150
24262
67699
35749
9528
46031
82392
43191
80701
10766
73993
71182
54014
74871
19262
37882
91731
43020
95807
93183
77800
77683
5198
14423
69779
19907
57588
70354
80686
92312
38535
11837
59893
36070
37525
4032
95965
70537
3407
53218
270
17915
49621
56647
31903
23039
81242
20697
85709
63099
75572
77124
77495
8514
51074
62683
35161
25327
76442
46969
8771
14766
9006
8450
12534
32884
74842
30504
57210
91215
10349
64873
68511
9591
97170
46421
73998
83844
59834
25645
30666
80282
11335
33703
88745
45407
47511
24046
94633
75469
25995
78182
20209
90434
12979
76078
68165
15604
52121
24862
12357
51299
3782
38672
70563
27655
76212
48859
30495
66408
94194
90522
57504
29517
84909
15851
657
19052
49953
62291
25878
94047
10620
59518
80202
47416
88043
32517
71703
30155
43428
29833
56976
26314
83246
22651
54318
88462
41905
17182
40773
22000
94262
836
39747
10392
19930
31924
56037
99725
19029
4589
14549
22923
98785
68005
3523
47635
38537
619
71103
41756
45327
15306
72401
85447
44922
24238
41493
12176
52155
70113
80694
88384
24058
27982
62982
2048
63170
98087
44535
20904
68229
25762
33625
4117
84621
606
41616
25624
82977
51107
74545
25931
44944
87944
81914
60032
76732
9646
19851
98610
30054
96137
99493
27676
77939
32286
99901
94664
280
40584
15516
7935
54791
87573
87414
35871
30389
81646
97510
55244
20071
5075
18722
59581
26073
59940
62976
87991
51210
14749
85445
58711
43527
66841
71749
8328
28115
11095
96285
61108
13200
46330
65032
26551
97101
85578
12961
33263
7756
15640
59414
4400
2319
95838
18982
92309
22462
11237
71767
99985
13911
18080
27638
61763
22002
82934
91788
98855
83376
64573
62585
96104
86464
75970
93455
56564
82477
52901
60558
28265
69032
45600
31319
32171
57133
88584
59504
54295
72660
10893
40115
16113
87831
7068
49683
3642
90299
96643
48556
5694
51773
70068
76453
95561
24346
43491
51685
48922
23482
57097
15311
92591
37339
7691
45788
6624
66486
46805
20052
9832
23919
35680
52040
98781
57022
91923
84911
88897
8725
99493
73754
53617
47214
90528
5334
52474
67859
27489
90718
75244
841
99228
32411
65415
4729
71229
26585
65042
95964
18153
40870
65642
6851
62307
41738
85303
80673
78186
28350
37659
42965
84576
90570
48643
50967
44325
78367
94880
18814
77922
19918
28015
22188
77089
27907
22100
36663
60569
82561
45798
98709
5448
5915
37443
37123
89561
5773
23844
39218
52326
63957
86252
76655
28919
84721
61498
717
90887
39989
3901
49264
23687
99465
96903
34713
50652
68733
13210
51721
62340
65834
62624
50516
36982
17063
58711
91684
1383
69412
90984
58087
95177
43751
47224
2806
11982
74208
62744
34530
59498
87435
61271
85309
59351
74210
93848
2690
66001
83644
93598
36611
63617
64998
50531
59821
72920
17469
14984
44730
94449
16229
28967
65362
41145
58792
81316
23327
58026
21518
62114
9548
14034
26422
40466
76280
65395
10895
23461
73501
21732
89749
7299
56536
42741
28043
19540
61685
78288
75089
98364
61848
77498
24674
80932
10729
96056
80301
76019
47517
96367
91694
15868
79358
40740
56009
27312
85463
40322
7586
308
57597
57369
41851
46157
68157
7427
67467
80056
82878
81123
62519
9558
19315
20711
80496
80420
96
4556
10858
21609
78533
76320
52852
54697
46092
8418
24472
87991
86315
17222
24720
95143
31543
49652
44547
60480
7781
3760
66171
79825
43806
15445
82532
27291
30622
42235
16260
86027
42441
23319
3857
75531
82475
89345
40819
45070
49194
15185
14360
77194
45643
41251
55661
46275
2173
34618
72672
47201
84037
52352
12719
90531
96935
12906
6284
59853
36527
79354
26704
55869
28697
78399
9400
26140
30979
74808
82561
74895
36460
76821
63964
48397
77673
33470
15086
47051
30308
82829
38150
6419
31313
8214
53723
75156
2063
33991
6274
47666
13015
94922
56489
18142
22853
95687
55731
91968
24544
65638
80
85200
66087
50739
52568
36997
70617
79098
5253
34949
64641
20530
79658
38971
47549
15094
28435
6854
5385
25870
85626
78797
95629
3020
36739
45009
19680
13618
58997
40475
56663
54098
5814
60725
76525
50605
54817
60021
65905
22268
30918
20307
16935
3949
33279
32507
27388
96101
83979
81182
4458
7236
18473
42915
88995
97191
41138
8123
78205
36294
64786
24082
42331
79197
78501
68417
54644
49416
91563
23297
28131
66952
57543
85850
16586
37634
25978
4953
79683
77159
58326
99968
67908
28846
23138
59831
7182
95996
56234
4768
92883
87078
70815
99208
20065
99630
65138
52954
2511
2153
17128
96141
63907
82497
87323
9502
4606
62294
1006
99992
74949
61215
25674
62991
90093
75502
57113
17549
19393
60338
22238
96452
36723
726
14095
35554
18301
24838
14353
29218
22610
11602
4943
91614
53447
35467
27574
70562
6967
39499
47887
92765
91639
49745
44153
65905
2391
31177
83203
1257
71761
40683
6276
3658
9426
66938
71959
37314
95298
78764
81142
51933
65202
77289
82161
99831
78208
24204
42347
50252
65610
71302
80690
82186
76013
35138
98649
89608
82968
14500
22867
9808
34610
34411
78830
62103
10309
96085
62154
38286
45317
5378
50453
45777
79649
38512
31844
24956
43045
23333
98288
31966
97865
47532
90058
6053
37306
22134
62300
77625
59651
62913
62494
54341
9464
71191
69810
18799
79742
34477
54908
94441
25466
76076
99425
28992
9653
16845
46012
75250
30888
31004
93719
75773
29898
48127
7052
44658
85427
87440
36759
72232
9388
89094
32407
6028
25046
71986
31586
22326
49043
20037
2306
30264
81524
35087
42000
68559
59744
20034
75179
58684
33694
75125
96437
78156
58560
38564
77227
83667
22188
33813
45726
5880
34472
47670
85971
58666
13153
56225
96115
3856
44407
38465
12335
2685
83753
15919
30421
23202
40280
12661
97960
13374
99579
40563
99326
42481
54559
20320
93691
76206
11544
33256
38053
85966
18985
12564
22501
95105
4332
57192
89977
68736
81054
68869
91192
35134
5066
79471
55459
21725
14512
79016
70788
27228
37970
71707
53862
78094
10395
23477
74993
35270
65004
82926
13312
63822
12965
62758
22849
46519
54380
14506
59848
11531
93181
93397
44720
81758
60142
37651
21776
27299
26045
21921
14069
41467
77432
12336
83073
97576
45961
39913
69280
58048
7932
11786
4099
17180
11247
60430
96092
42928
41589
27659
55892
76213
57894
85653
33644
32834
41607
51488
52814
55322
61073
19171
94799
63486
30561
69911
92515
44515
9851
45790
68701
78686
30203
89281
17282
51452
10970
23058
24425
3726
76570
37584
25585
54274
2127
59337
53342
17645
29737
78266
5426
93572
91010
32273
94660
25225
91424
51764
44352
97410
87399
82874
51963
38502
97630
99222
13745
27057
98365
20597
924
86775
33776
98205
98163
97173
87178
28373
85661
59235
48298
11396
14032
39461
33538
42001
9195
87361
27498
9353
27564
7883
88064
98336
33358
82747
98681
79214
79779
42049
28649
99323
81866
81263
77355
65333
81389
83060
10829
80093
89722
83240
14012
71203
95452
77955
10407
32454
83381
7241
53202
19837
91258
64064
4954
54067
11019
60354
70207
96365
71566
22541
55347
98055
66503
18872
28830
20829
63413
12289
68843
74374
48427
42113
13939
35610
14090
7392
56356
87476
9112
14277
63341
75698
92352
55590
73833
49209
87046
97406
91173
53942
33060
35740
47056
58335
89509
16152
92638
99640
61533
91808
52281
6770
6788
93425
25540
38093
93326
55042
43021
86526
60968
36505
50031
13580
57296
29185
51425
44885
34033
42771
18911
67021
39802
12657
59283
57798
42778
4370
23487
68459
92411
66583
53257
46662
45816
60860
66531
58370
87260
91498
86679
60074
26584
50954
10348
16592
52512
80436
58615
266
86306
20165
31744
18135
63300
87759
8207
73984
26234
68554
37108
89017
5537
70696
71921
8582
82843
81991
85540
29403
62183
85759
69076
29979
75324
32347
90295
70274
92770
34276
30365
12734
28493
34137
77661
83800
28630
21275
64923
36753
77048
8613
44594
53127
89092
43737
35651
78423
25634
40629
84442
84316
44069
91844
62234
9397
37897
45744
33957
79461
70859
63541
77705
2068
5029
35314
13002
41043
59908
69241
69832
76541
27880
64358
13773
49528
88120
66860
48405
7419
32800
65834
95962
39754
37416
25148
97147
69436
91570
19278
68969
36926
57903
47179
56430
31440
47134
86740
98138
75629
86274
85261
235
79464
78111
89649
54168
51537
78737
45893
5114
46551
80841
2922
11192
2792
95653
86700
3757
16276
7275
9880
33656
69264
28738
46410
66112
7030
2477
40420
15874
90409
33860
37306
43609
38262
94096
26922
12648
23926
54659
16010
3526
12240
4786
47354
13319
43227
95601
97272
94819
2337
14889
34642
53062
67263
70520
38773
37587
96202
49605
33188
30486
13483
80158
90821
2052
75499
69584
98134
58065
81418
86114
58845
82734
94344
25327
19805
8444
76838
96190
42915
37394
96967
19711
9632
58534
11761
85573
72018
50748
75248
64122
90906
2185
88249
92483
55922
91746
13547
35282
94200
62118
13585
42018
75779
99396
44516
35090
53175
13546
30382
5025
95763
86476
42122
98754
88935
39853
83975
59228
73986
26349
30283
2337
35626
42224
67028
30729
31717
69798
84122
93994
15444
50972
34320
17238
39072
26878
90505
38706
20780
78023
15671
23534
970
20711
82030
33765
78442
73615
85800
23795
98700
95292
18529
91374
19318
58014
17411
99618
71330
7044
50012
37613
8655
85798
10283
72180
99160
73839
65401
68352
27425
91301
19972
36441
84205
74837
47031
58653
64333
51456
64693
1980
63027
76508
66389
47443
73156
55240
32167
48900
36492
57425
82709
56974
58924
83258
62981
46638
71694
13163
10010
34866
39769
74968
38202
14422
78112
57868
11402
56221
18196
82643
61109
31981
1306
50561
64396
2471
72664
44450
2823
73985
60264
67647
70473
84514
41615
79369
69954
65850
11559
61158
42991
21627
97816
81109
5084
73656
85670
66111
19817
73081
33188
16636
47946
53784
12454
38079
78824
28059
63700
24768
13157
78990
33914
21796
82301
93308
29116
82378
86759
57290
66631
83444
18587
48592
47459
4080
3694
3285
76997
67458
55097
67526
2240
19889
23352
9842
74075
26731
60174
31333
38910
68309
45413
25759
47206
75282
9491
81744
92312
7375
53592
76019
89586
69353
54020
62756
57917
380
88437
13279
10463
80522
27422
71799
47436
7204
60964
10735
65405
70327
21154
82712
93241
1846
24684
77992
23919
5503
66896
49171
40486
26957
20824
53353
40140
98426
60812
62284
21866
56559
84405
82924
32536
55849
17405
56512
85773
80169
35505
76835
40911
67289
76936
66505
9801
38230
8701
96765
92539
51838
69880
86105
21354
23767
75532
10688
98168
42714
92953
48955
25998
28730
37649
84430
71126
53877
9816
11350
17158
79894
16516
14146
96374
45828
85732
45195
63155
52234
64861
33042
17580
57892
52720
24596
43177
42723
90711
90988
85499
12125
70062
99813
6158
66612
38062
1498
93180
59553
81172
5901
83387
70717
22977
33440
18326
12140
71771
46547
98234
77222
78192
4282
35270
35779
50138
21402
24294
43234
37118
75553
78457
31799
48207
97951
20077
90927
78703
92196
33773
57217
8790
88791
9105
69042
31595
87217
25971
88965
64943
31700
44930
44349
93721
49803
31631
96177
16508
64831
62853
53003
86980
32914
98262
17244
82079
96956
55632
38976
20441
97728
93230
60393
4768
65067
53994
66667
9510
46184
98353
31619
19077
20674
10191
57060
8029
6711
73961
4192
26424
99926
88682
52624
14926
87605
41237
63264
53060
82865
73049
96282
9392
93634
40322
87373
376
26330
79660
70298
84312
64635
57523
87226
68897
96978
69318
77295
13439
44468
21210
66406
63891
42739
46042
65542
70655
4700
70523
94168
70401
18833
51822
30994
34262
56062
45135
20642
40896
62906
22075
68275
74946
67100
71550
96831
45480
85975
20298
48882
87619
89204
83971
43734
40050
96587
27704
75040
36252
59645
47596
17079
21946
81648
67794
63420
18258
83048
54487
97626
81822
92287
68025
77003
23466
72961
82710
6117
46748
14246
37343
10624
72303
6668
16203
95460
1399
59281
9096
64819
35113
7498
41644
30864
99859
21219
25898
54667
50886
50996
66207
54475
42676
55131
35244
118
36724
76924
84447
71840
2947
91762
85578
50349
62820
54800
89269
30853
68456
28569
79054
21203
43753
88408
27807
91001
6704
10013
75896
32308
56214
9813
7595
62792
64072
60261
38295
69256
16323
32866
59996
7684
60671
24111
36814
32303
70409
33300
95812
12075
61128
51384
25359
57044
22528
32507
83400
13702
87477
62643
47298
16907
99143
76769
14623
39525
6044
11662
10975
93780
96636
79079
2482
93125
12822
33074
79183
12664
11679
33644
5149
11852
89114
87649
62158
97257
12755
31847
69228
34089
92934
14584
1867
67331
62717
5482
84511
49814
82326
22860
77990
77647
18242
64991
29381
39959
49002
38063
44209
48540
70861
67852
48484
89723
30916
34249
15952
20646
58406
31888
43471
89175
99687
71040
21656
47057
12507
805
8910
13807
84953
40339
3282
94285
80506
51998
62105
19951
31713
64152
95033
7665
40148
66888
19165
90347
92329
28963
86167
63361
88540
4490
44309
85701
98076
31296
47340
41961
81094
94374
31409
59269
46696
92693
67495
46849
44040
84952
32658
99200
27581
61923
48426
26281
14587
74163
55595
93107
71788
32804
11465
60396
77146
75049
5121
29254
2217
48620
4907
78974
43393
16994
36588
27211
42889
46953
7623
68256
12303
52224
57299
21053
84516
33764
74312
80312
99652
57731
73779
83748
36019
43263
98057
99675
63715
12897
73016
85422
42290
51190
46169
83653
24656
60619
47042
5077
96479
23328
69464
6589
63091
83724
35393
75612
41880
75758
96376
73908
6067
1226
27801
28275
22657
16776
84572
81476
49339
77733
88862
69521
66427
80340
10331
53074
84857
24597
50073
14839
8014
19024
69405
84877
42809
72079
98912
1425
23071
56853
51932
57615
24621
46206
7361
17941
51290
89396
17989
90425
73672
94731
92663
70243
88361
89818
3156
34936
17501
566
15987
95941
72505
86701
72795
11652
45220
46236
21716
24718
77468
31853
56666
43805
37270
98769
28654
65533
59585
73974
69896
87310
63627
18373
21255
81752
95614
96955
46248
72940
94019
74305
82549
6675
1094
44010
96116
33174
83801
53768
61249
47176
2899
24396
73910
75636
75537
85688
95014
41950
53500
73795
60041
31705
32139
10504
13105
24421
70751
76619
89212
5538
53388
98954
76322
56885
98776
17659
58446
20086
48572
42759
27306
38548
37607
92803
74322
36646
47906
23879
85483
29487
42318
19886
38445
93580
30410
88872
9210
2941
71280
41663
81235
83789
20991
87076
20288
8160
65171
51253
58604
77497
43952
5230
15924
43205
63550
84168
18356
64839
16398
75858
45858
48097
58843
41131
42102
73723
68460
57178
59206
20371
10038
98858
3665
75298
9182
6789
43761
70759
80283
33195
50643
75026
23674
20143
23171
7887
11899
87662
76288
94828
23897
82061
56718
98377
80775
61839
75659
572
38230
54672
70745
637
88563
74976
92826
36309
25069
43903
60346
86270
84372
4721
77734
32982
55773
37823
52986
59878
65410
8778
89272
681
1478
81036
38517
95772
35350
62925
17613
52193
37675
70910
86103
93999
34732
51062
43955
20825
31089
90151
86559
39705
57282
53404
89929
59321
73949
35025
74111
2590
95703
75503
17026
50482
15802
6499
50009
19596
90700
52313
48610
1854
99312
14650
81923
11099
60678
66847
70783
6947
94541
77297
39172
24620
40937
86783
67488
62862
86048
74939
72948
96172
95518
67314
28417
63482
76376
37669
91039
55183
61293
19080
25389
41576
50569
29655
79842
7286
21187
18896
95298
94822
38982
86385
26060
35788
46829
60655
79024
49995
38087
72432
66206
57410
66011
92454
93145
77078
80997
77416
80427
65304
69277
60334
40338
61971
47769
50185
82136
60917
28873
92412
76800
70871
53760
4763
66716
427
23026
67359
63452
95745
70009
47875
33377
24534
11602
86143
67279
25
90244
49086
5504
56603
85312
28318
12246
26419
7332
32323
30825
18283
37114
21368
89374
59978
3518
25539
37080
53343
4284
96964
12168
49287
57783
51626
37920
45083
93639
24370
47174
93721
74746
57629
81348
91661
58011
48364
93467
34235
59663
79706
97464
65228
59644
65943
71359
62195
93956
43869
96868
48731
7216
76689
40441
64751
65480
78967
33696
92197
73374
11442
31714
5127
5962
32919
47065
26880
92048
55181
26536
12768
69438
26851
92618
18220
43441
69229
70407
10117
75927
44733
88387
68723
73968
30394
28209
31885
83694
70176
65766
54920
44571
79347
56711
76826
1497
53729
88132
50730
27460
71060
2718
63894
93044
31344
87779
40223
29215
62063
31611
74293
36603
54838
36091
48475
10017
18196
82806
99319
10637
19287
18067
7864
61090
11818
33850
26948
68650
74031
79432
11325
71387
65941
31651
24976
69718
94710
46279
25082
12360
81712
95678
94966
41555
36958
68558
18119
57895
77906
1900
81311
35946
51633
22766
38538
99383
49387
80030
6234
98722
60757
88939
9775
47354
43045
16698
47747
49831
88361
60985
92239
11634
56933
5588
92669
71460
81095
72033
10316
26663
15784
27541
22521
36328
24546
85657
1201
99614
49960
85848
90383
26853
99303
34799
70291
25923
8247
6791
26242
7819
8221
19231
64436
18176
21345
92481
68670
22289
70790
35575
64540
59203
97227
35031
48155
2860
15070
87706
97568
45467
12152
37994
16825
60854
30617
1177
72286
13147
28544
88591
11842
57672
54566
27355
57628
88726
9528
51786
71693
98239
48144
74934
53581
24448
68527
92757
19287
250
49081
69939
67693
35155
25196
922
75017
73689
86846
9389
93826
14727
94387
53236
6295
69408
87704
24114
86587
50007
50623
466
70845
55569
50199
864
17458
76355
16934
7796
10049
57749
97286
10824
5803
91112
47034
99595
4694
83187
9516
47791
18965
76201
18276
19772
61973
90007
41575
24775
48133
30953
10057
20734
92931
37292
31472
66170
5087
74286
56135
11671
89999
6498
14523
5247
53615
15615
88854
14338
49522
60808
82613
40610
3593
68038
71816
53291
25519
96146
66022
84896
5583
42575
26891
37712
33266
24179
90543
53416
57961
2854
53795
95394
22675
66756
80522
50426
53195
63069
80626
56641
53298
11291
80911
57291
56116
10275
93618
19619
21433
38804
25099
29375
32587
30957
19416
18158
98175
29451
62664
12429
83330
34928
33584
70201
44193
97919
80201
49790
26357
11044
10405
26254
91433
48657
18732
44430
27593
25698
15543
18378
13641
46722
40392
1193
25487
14375
66244
33947
37342
7896
20206
69295
18464
30574
68322
75680
86959
14776
40138
11215
28064
13401
44608
173
81452
92141
44769
16463
82108
67177
12618
38116
56049
27391
57682
89890
7758
9889
59428
95676
7842
90429
55479
36080
20885
42694
98539
99132
81519
1139
84451
75793
15679
19457
18297
31840
10543
93076
4642
18001
27554
40826
54944
38867
21094
8656
9566
99853
21212
74879
96587
54803
28032
87806
67606
42997
64151
25883
7586
73137
41909
4179
14150
40968
68329
9822
77508
20621
76709
14409
67747
77626
59341
1435
81388
87613
35515
8665
83166
96464
72813
25477
77774
23078
95820
99648
53790
67521
92313
21168
74968
69889
74422
77085
24136
34327
44111
10870
24276
22295
28739
22929
3608
620
80883
27375
42562
41285
8581
50205
51111
24749
72021
68055
63360
27800
64089
41671
68164
73370
98160
40203
33411
90098
57286
71605
58141
10691
1894
31531
77245
44291
36125
86959
38869
36812
38886
51417
49239
15375
34840
34208
91245
73193
72808
71129
80053
51662
31452
14710
66781
46434
76494
29103
38743
95815
7289
91485
70489
70928
93667
7651
22387
54899
77926
1224
65678
20061
33532
89279
90046
47264
7559
92232
51363
44648
18779
39631
91714
90187
71913
6417
25851
53150
68488
44319
76199
92548
962
30396
40271
67585
7000
70560
59180
55213
41459
19071
61526
50149
76169
38532
21899
32571
21159
12566
6463
5101
49569
42173
34650
46579
63507
85694
40467
99602
77299
11937
12263
51533
2838
56276
75989
48604
76187
88616
6073
81397
56280
26329
13315
44422
23775
58891
44179
19748
51628
16400
89940
70365
88334
57031
66770
24042
55855
46142
98457
62113
47714
80760
86699
83175
75304
78281
56254
75267
10783
34846
34128
24397
90824
57113
16391
51973
11891
90170
47530
63232
44169
36538
68245
23452
43350
74897
32157
8341
87633
42263
2017
34929
95049
24232
11752
99701
84846
9216
62845
72571
92824
43909
74404
25275
66104
85860
14296
35686
93242
35252
13698
49297
44243
13463
44216
53518
74349
49279
37616
29591
59308
58317
15423
65732
32668
72628
64370
12636
55289
96092
29704
41255
91451
91395
57290
8098
15708
41182
95240
47628
45895
80733
71762
15069
1246
81388
12655
23607
69192
72853
13821
30644
21205
18979
40390
75551
52527
90306
18300
86783
13664
78882
20753
2253
62554
19035
7349
68326
28263
16074
11052
10684
68877
80697
21739
58472
50173
49628
50255
43610
56345
85112
4795
67537
84128
99966
53996
50149
31383
52405
52858
10785
70485
66454
70829
99023
84075
43889
33625
51596
54446
65356
89336
73402
29090
12748
49187
86612
67813
43148
74125
90268
93110
4074
72795
29105
79904
82337
6948
13916
77447
33905
17921
26089
7117
24347
73680
87026
23489
64392
13835
20695
63749
48522
33504
87434
15802
50010
74477
28071
54090
5727
81819
97793
4114
40240
33427
57848
26250
35697
17121
11718
53650
61658
24644
5176
83099
47030
51310
60954
59184
17670
39423
94699
62015
27109
65080
61968
26311
83367
23870
61604
20639
60410
45518
60941
15681
85551
24407
73610
92497
81554
39800
36776
70286
64308
28887
86324
15956
58346
50267
20043
68620
68302
83431
12781
97105
25731
37524
86031
77439
28855
37161
61584
75609
85409
69466
45188
3991
66345
762
63916
85995
3815
16830
84742
58030
87075
52943
77760
28140
96444
21163
40328
35785
62820
85849
17343
56142
78440
26920
96973
66420
5422
64419
92558
60972
27159
87090
40169
8296
54979
49232
60769
88426
84724
88005
21092
43047
82411
1855
32800
72119
26895
8786
30262
7195
99308
74345
94535
49003
56983
59591
84108
53852
90288
62815
53250
55243
63424
70444
87521
39689
47330
63694
16813
31042
24414
61250
5541
84235
36592
36284
43449
51528
72999
25444
97049
69079
80970
18826
21513
87164
17109
83879
69360
48874
17633
69969
20624
61419
40033
77435
70224
71276
13416
37895
53492
68872
69545
12329
33550
47152
55830
54425
57806
38707
92522
16660
45397
7696
15618
90576
83655
79605
26757
62490
59551
32754
3941
8206
76092
93023
35646
80562
56217
93095
30267
68272
6683
12080
90968
45230
14723
56424
897
46827
46755
55598
69722
95640
52398
5305
35608
36976
423
42313
79596
23477
55547
84712
63840
14377
82731
14557
20282
82503
56354
44653
73437
43260
44325
19822
3183
33028
35592
19433
1398
29445
12701
49131
88411
898
76711
1033
61808
28093
4813
39309
6797
17325
36841
60609
54486
88023
59104
76279
90937
45900
87565
83282
88884
8095
65174
53141
34707
30113
79424
75654
85847
64059
31231
31871
36658
59143
41989
25745
4366
67916
29563
22804
74157
67252
50157
10352
10443
26731
56928
72577
68256
79190
95647
75403
41731
99758
87795
8602
89288
88792
24753
35507
20329
73282
14701
82557
76162
2139
89196
65350
7510
61104
32503
21235
91920
38207
22539
64520
74404
83610
33453
27376
70291
65561
37980
60074
94445
90108
543
41776
8977
92540
71997
14053
34032
12109
79819
62842
8688
37875
37759
79869
49388
95325
10404
24542
48313
86498
67783
72287
67459
10070
11341
3128
10837
84425
58567
35461
43672
66461
21918
71468
7923
11875
46921
48526
18768
99472
86206
93930
25408
65025
28196
3752
67700
79112
70214
53801
68364
24337
9796
14216
36973
88022
67844
71437
96875
61562
51942
82990
22951
20358
20020
75682
79089
11455
99480
49092
48078
20800
58824
31168
86004
66873
77341
1981
91315
9764
19618
57031
63726
1503
3079
13528
47783
31019
58644
70786
14104
87872
59643
14427
13149
6475
42374
68326
53456
76037
79504
15194
70316
27057
36112
65841
13395
3249
47759
5519
97675
98662
51451
11373
58723
85570
21076
87649
65459
72939
23843
11436
44289
23407
17195
40287
544
60671
39447
31179
81203
9673
56819
50532
37680
37494
65495
45041
36447
16508
95166
86194
90657
77569
61909
64014
56462
20877
72462
67416
64662
29386
28596
34718
88937
86363
33657
63054
26259
53590
47596
79429
49023
48095
20102
94582
94748
53347
59203
13075
62781
64462
46381
96474
24345
25865
62612
14079
99411
59027
38139
72914
49685
59195
65772
35853
41141
5335
58155
4317
85242
5284
65703
66122
86711
99067
45
87332
1077
11724
97463
40140
85104
71130
24482
79484
29016
31603
77405
67860
68151
15306
48733
87778
47250
16914
64333
4685
