12550
15855
9436
63764
74937
81697
69287
39989
58768
15333
90165
10577
80267
10055
15856
82799
58632
80594
19742
76877
5725
30410
44810
32781
57281
30185
66909
89757
34282
3445
19884
82945
99378
35259
30475
64351
64563
69546
99455
81159
75825
91886
43377
29821
65047
81447
95231
59237
92121
78437
30476
2249
93624
91618
73016
85322
59973
7261
77578
69760
15805
45710
35369
46352
32882
15499
75018
39401
1354
71190
5636
17627
2112
58464
37407
93205
23305
92895
93707
89177
42417
42279
46701
33790
66020
46280
55220
72289
94312
54179
36234
15626
18119
4810
35142
17462
16651
65523
9214
32166
30018
85785
93625
45347
58081
21808
62691
8013
80965
49539
74394
17407
79220
37387
45125
90048
63970
39661
26372
95784
60688
64401
54562
29580
41839
69435
21575
95625
27777
10024
59274
19657
88288
4903
28260
789
61497
45521
72159
34328
43856
26086
8110
38347
24679
82214
76982
21122
89433
44008
85226
95986
5216
83963
84916
20541
29366
70902
40815
74204
30937
31166
11410
9959
82376
12564
7463
22724
85706
85368
66521
26122
77454
42558
95307
26769
6700
79755
7590
72601
56170
23500
13259
78611
13275
57747
99430
62415
96003
8688
22019
32835
57333
32264
59163
35604
68925
35796
75942
88036
74841
56504
17108
85945
71970
35134
70647
32390
17225
88942
77976
38488
34428
80397
4138
83519
10759
42128
20988
36919
35543
74683
11655
29874
63291
12410
61959
25091
77731
71194
58727
45130
84810
54341
76917
5847
91216
94745
88020
65693
21056
30724
92049
77652
23633
55646
51245
9258
33095
80515
20856
31656
9497
1644
48479
42525
53709
95752
32828
57897
88128
12956
1644
82984
28386
92884
49343
83545
88573
84420
88232
51401
98582
34176
42195
66433
15085
77973
27510
25929
98207
12578
22912
53527
27147
77654
22895
25400
50577
73607
37342
26554
64373
55020
46106
36180
47971
45752
28758
8466
70253
60852
32661
38592
55408
951
82436
98419
88341
80004
90602
42095
30899
93537
3447
81048
62065
82895
89562
31224
93641
99339
72655
457
95656
12928
80021
7328
76114
4678
11358
26807
13091
38235
99455
91030
2352
75164
50695
89565
44748
68545
82317
47439
44007
99954
30274
17534
88400
8778
80741
2800
18843
63366
6837
98635
76861
19786
55713
21698
72756
42577
67163
39996
27748
39982
82188
56157
476
82564
91457
77651
5495
25406
65890
72991
34495
11020
33891
30366
22795
3162
9364
76180
70793
37295
49235
44116
77591
74655
322
4909
82923
90317
76626
82164
76435
78241
65502
47018
76471
26082
11189
94379
68826
44144
61295
61683
5503
76320
16064
58412
20679
10517
87307
34968
91129
49111
62894
29143
2907
97747
25915
39990
73053
21839
81222
81972
52405
52104
21466
82706
52132
65130
32263
99095
78936
33835
83862
23773
85099
75460
57757
42011
58056
21805
49741
30544
91853
94804
26248
63881
7724
72634
99377
63855
69516
138
84188
70736
81261
75511
48324
27272
29737
69521
65179
17868
68501
91459
13596
722
3687
47820
15420
99104
55089
6743
12927
53424
20907
9978
36871
81245
21167
78920
46600
10446
26718
17139
59574
73019
2272
21954
97248
21760
24201
73482
44694
46077
51254
39436
18757
48519
70007
32395
80163
44047
14119
1064
19845
64877
94486
99900
46255
29001
71752
77329
47267
44229
46453
59837
15226
78122
84081
49820
92433
96462
49255
37001
16955
36223
17119
953
8244
80399
38495
24949
94453
19867
68653
27090
70211
52634
41714
94958
71234
1630
42649
17960
14888
71178
61431
53980
15020
12273
40549
62779
86364
58054
52297
41859
8782
34790
95635
3968
91086
76190
7939
30782
15351
87673
32327
5802
89277
77674
81474
28068
3750
39347
25897
70147
69305
9296
35463
34021
34894
53347
97344
97969
44901
60733
70546
44044
31603
87973
91127
10420
81079
87528
95143
16572
51627
45853
20475
98436
60886
77811
91468
41267
28062
52410
23034
40884
76219
36619
27816
56012
98278
84661
5829
51124
16592
50341
33990
77206
63759
80113
96846
37640
37459
24161
90831
25120
94583
26554
8138
41459
86739
96937
47795
45071
89135
14472
95632
29329
10001
94992
59776
73251
59767
7643
46072
62198
13568
6964
5992
47096
73125
88158
86525
4977
23686
87069
21376
23776
10174
85477
77051
60141
8024
52830
87579
25259
17531
77456
78608
40940
21889
60625
76178
69344
33606
6152
71486
54284
27611
64285
23518
58787
96089
38015
50311
25444
98483
82673
45596
97519
57541
68946
31759
93733
18665
16167
42120
2427
87240
73704
27070
1210
78637
15716
25506
19415
8789
89809
46363
51274
43331
92820
22187
69485
44272
44233
71633
69747
57695
208
22792
92066
81423
92532
55661
48302
93769
26201
9438
37076
99193
57889
91357
12688
39258
37787
71443
45211
54250
5322
57746
95972
66397
41677
79187
74121
49357
47792
35870
58995
12174
53838
48552
36236
2048
96960
52535
75646
91454
35879
31937
56649
79475
83378
27506
62528
36812
91980
53803
12832
45256
43174
69256
99790
67116
62428
41018
49228
82836
42887
10771
64376
12708
20639
30977
14338
78908
97322
93393
1863
35274
8101
64405
58926
19577
54829
34016
6047
81927
39179
46317
57051
30836
45018
32896
74652
22710
24214
34500
45961
70474
79811
25972
51862
29220
61559
30901
50518
68232
60517
65184
92702
22866
59655
76062
6552
33231
11463
74987
84448
87726
98026
34877
2975
87825
55481
10110
63777
7645
45550
46261
8693
92369
9655
75204
66593
9716
1770
60778
24895
90823
59654
30471
39639
29657
74529
30368
63322
37049
6707
80505
34905
30950
39134
72511
6752
66883
45753
67176
54675
49958
48183
20081
42755
79631
5113
99367
29580
62678
81421
16738
89070
77245
22080
30475
13543
89733
93831
64287
19721
96796
16614
98795
18461
54611
82236
71159
99283
57838
92267
28895
89125
51989
13191
6364
58695
47592
37563
59586
6797
48143
12946
16482
93306
70542
74504
37456
73663
88120
95214
12607
98584
1243
95604
58344
89343
88601
27414
23017
32620
48887
98246
8522
42794
26157
59122
9338
96502
91038
66737
42073
23286
45058
8783
70351
64020
42783
92434
85049
27862
62935
99849
13476
11644
46938
77328
16369
51285
28187
38338
5849
91005
17697
19388
77738
98071
46100
53194
73808
44579
66935
35728
51087
2493
29205
1175
9163
76594
99955
17778
25931
95327
71781
81484
26290
98088
70685
4623
17261
2417
14111
92275
52459
92029
36496
63234
29222
88416
98380
64676
16800
5987
39158
25740
35592
97780
21738
30494
77948
11207
35279
82651
73097
91598
80584
88587
99981
81296
58345
73765
21022
50825
70567
83998
38723
3357
92712
96459
48448
50394
11194
33077
655
24841
92479
52665
69417
112
86662
42008
4677
22216
70869
77442
64695
95958
85858
3162
15290
73001
66753
24166
72488
87855
44792
76341
82949
62163
3470
40301
8892
50999
3778
92976
65
94570
26807
23402
16054
37926
80685
2106
16649
5032
98763
81690
47066
26669
92120
29005
81211
97510
9386
40485
77040
95608
4533
8429
49333
28370
49413
73913
76479
20780
29159
1097
26907
8088
4321
15764
79666
69512
17410
57558
64590
78428
73812
88280
15926
29381
90030
96505
72725
61467
65830
34774
82489
65016
37124
99611
44504
44367
67793
60454
39308
25772
37614
18132
67263
57130
58625
18122
38850
69483
4043
77762
96279
78807
58773
35728
90222
58932
38728
656
2572
43677
77019
8335
168
11619
57383
41874
20048
55581
95703
95558
95688
50893
33467
58213
7058
8081
75036
94529
88617
3971
54058
41905
54247
39085
4912
6742
11431
7020
16201
55624
3493
48704
11436
40770
83137
54765
64291
24454
834
8593
76346
80430
83799
85666
99762
11376
71769
92387
98293
7693
94060
52739
8868
27351
4772
28595
48331
31101
42820
90562
90198
29684
93570
29591
84382
13475
92647
10857
10268
61387
50130
42814
64510
51921
51420
54110
54647
50026
22038
55220
44112
67426
1294
54625
53692
39176
74577
93948
45578
38458
45098
84042
6227
82248
2985
7062
15508
23847
23614
97197
66389
36789
15237
74168
9543
66148
22012
65207
55501
8390
94190
6135
25585
22483
80212
28816
71352
26457
55314
77277
55791
66400
66493
30776
48932
46680
220
59729
53874
99330
32812
86347
83860
34841
38845
57876
23066
42875
46138
23871
18425
45975
14886
42464
45053
92341
24513
23235
61338
41596
28331
51785
45792
2084
41919
81824
18669
51673
94144
57949
45052
55016
93362
87449
87899
52905
69151
75941
24186
12489
18426
95212
71007
67667
44320
38212
19063
75067
96122
4175
76679
98983
91807
20212
59936
60890
44951
28278
63217
82750
55674
21518
12918
83788
2902
92521
62223
3131
88528
38336
267
40100
61634
80240
16675
58638
9922
94998
88931
47962
30659
89385
93379
78573
26420
96019
27380
49589
75911
97677
93877
4346
64365
2774
48901
22723
83452
18896
4307
9762
18930
88760
48978
84925
59891
10272
68808
14266
84942
5674
24134
93350
87295
89699
1425
47042
61485
29241
35998
17482
90195
90971
73053
69187
5404
77196
54284
1089
2247
31107
69357
31410
98699
60578
17650
55051
95539
87376
12788
30156
73898
27157
67906
80658
39538
59538
22711
21978
30574
603
9124
39213
95424
85490
51629
4588
60717
26689
18896
17433
18876
28084
34111
28095
21629
2736
87439
30176
64070
76212
3209
89049
10201
4299
6493
28371
30529
76074
54295
2697
27611
42060
32586
56625
35986
11176
12424
73481
1410
44843
36500
12736
542
24280
34894
414
43662
23161
93165
45136
92656
41920
89036
75124
27934
33790
78715
53085
52912
37951
54934
47876
34200
11136
51858
30283
1132
74575
79795
55759
70561
38654
74812
38058
14578
12451
39966
95489
35488
53070
53361
10609
75155
55751
41216
50609
27583
95460
80254
47492
5794
98341
53175
99677
83913
22508
52226
21103
83987
43516
17074
42704
20173
32077
49516
72970
25564
7784
30707
64926
22905
57701
32222
74453
23286
97695
42827
78020
15903
23601
18956
81947
47356
32016
55328
54698
12274
84324
9053
47056
80458
92131
75689
802
5769
17004
67368
83765
14974
733
49808
22248
36603
6322
99192
40368
99675
26843
12495
17281
92577
63928
37801
98486
39009
69459
20275
66942
92760
42714
37416
68099
90005
22904
99420
97688
98683
40655
24245
99742
41919
13205
92890
54227
66060
37704
36804
92600
70854
63214
8593
92381
90891
35981
1463
30315
17909
15940
50517
30317
11325
96452
30085
82652
58202
38383
92910
46534
92454
73099
72278
33050
8161
94275
32533
48051
59343
48411
44261
59711
74844
73805
83061
92650
67072
13861
17852
62796
81150
86677
2890
74923
41414
36150
9338
32174
1018
49660
65444
49056
8686
60244
58288
12829
31528
2909
34789
72380
90535
80320
40223
37241
88545
84557
81406
63710
92708
97939
8763
36269
43581
61564
13622
44749
24791
71843
69002
21070
56444
3699
6274
38714
80663
73309
16837
30203
74553
13845
44589
39651
7674
78122
10390
63899
46200
14784
28817
49388
63131
52076
44440
43204
43801
55979
10364
70917
20148
52415
28442
91856
50529
98375
31436
86057
20069
80250
14459
64871
28664
43200
43507
89562
48299
31597
90767
40281
8613
68347
76915
5064
59817
995
16568
96099
40116
92919
5857
60937
73890
35039
78669
99303
39824
14
16838
77215
43228
93536
66742
22550
57384
99122
29241
55703
35518
36926
91949
35719
79661
16466
2021
31174
92274
58572
53150
26206
20082
91220
9385
67148
73155
19414
24039
41736
37418
46746
31763
16178
49631
41762
90232
37659
25902
48383
32867
51469
8982
8176
77332
3064
26388
88217
65966
92602
14074
48988
90062
2058
50968
91574
72696
18338
8444
46488
79596
22118
29846
3424
44184
34805
25396
99380
94503
19563
5997
79099
23223
20880
83545
60664
49640
48897
95453
97956
62993
76473
133
44326
37324
95163
43785
29457
86417
34335
32946
25498
82241
84535
44886
40725
44729
44860
31710
42155
23494
80410
85577
77498
18231
28821
13898
75305
73134
11670
84109
550
9073
17590
81783
25855
81917
101
58250
27609
9050
34583
29575
96560
77673
80461
10222
94731
55033
28603
69154
93435
6201
73819
69928
98928
97833
97934
50413
85784
22377
77034
89287
85429
53811
13220
8500
47290
1668
99899
54015
55554
82933
47935
62145
3340
99144
26780
79363
83415
74878
7879
59714
77910
87461
82467
36619
22096
25743
1296
68262
63064
50334
37586
78512
43715
81915
40121
69312
19851
35813
53106
99179
23135
29959
30889
81410
66692
91170
42649
83001
58317
62762
31634
71971
19026
37261
98278
65785
97552
38221
85392
55033
24605
30191
20609
57163
76070
90092
24425
40863
99303
48389
28030
94258
92038
68851
23531
98896
53900
75996
96344
29395
74753
87970
60178
47625
91043
38261
2456
25939
93858
41673
65217
20682
37148
2050
60236
4733
59152
2571
99302
93269
98561
11815
73138
84249
72265
28543
93784
99245
14295
95833
30957
64789
50055
16074
2458
85656
16636
19138
38124
98688
74492
28197
84279
573
13384
76986
90439
92969
83606
9213
66437
57222
29326
21679
50979
2500
32829
17709
72196
71295
92249
99742
47243
48260
23986
517
31838
13364
2801
17079
99158
26274
19600
65382
77542
62614
87733
45980
44070
38420
17965
96963
92443
97942
91297
29825
93796
71862
33879
21218
40452
43080
26663
89933
3687
70244
70712
89400
87602
49633
36759
84216
46220
85437
78483
54992
35747
93017
80344
27978
94748
4161
60423
2020
10971
86858
88526
72162
53483
19412
23977
54626
59466
51918
9588
78124
51700
20088
33067
40231
7787
16708
3809
74153
86144
78454
38009
98599
3488
16971
27621
55530
68318
70517
83833
69795
76121
92708
7818
36789
9705
13857
73288
80176
71340
20308
96757
50366
8167
46341
73793
13398
11259
98911
52612
7023
47718
19664
48790
66702
29619
65230
33679
37920
97151
51188
68566
4771
21545
88617
78984
23070
19541
69345
71912
58833
86172
65021
28189
62056
79476
66062
32716
77385
94776
98935
27698
29100
20820
6480
3774
56554
18703
28455
71978
39854
45908
98497
95892
60873
3551
62238
93373
59266
57985
86426
31421
87722
62864
95663
35296
72236
53711
15928
99009
90819
50357
39185
49410
18247
73692
2234
60133
53471
16552
70042
22346
21306
10961
70400
76390
5369
35439
25509
71548
43812
54690
26701
35194
67932
40187
97357
56179
73488
31755
37894
74932
10730
24678
46223
32134
2145
17234
52561
42495
50033
66002
44939
27364
96679
11402
19318
91711
23286
2062
94787
56537
77864
99563
59233
91957
26926
94546
86555
4713
48536
22780
88413
54649
66944
67967
78391
62546
36832
49324
97274
7712
81348
92993
11551
49548
20538
49938
73543
71381
26182
18447
99517
90825
41618
97425
38744
70817
38595
17191
81788
82423
2310
29592
98560
27236
6089
61396
22059
67098
16263
60604
66712
27451
54683
83018
98680
47893
37942
99965
78838
48346
56139
1349
50581
66080
39879
24232
71926
23153
94142
97999
33078
74960
37088
34833
75956
9225
89163
62905
61872
90451
42170
87606
22639
93958
78811
36927
98267
73459
17951
97121
12488
82276
90346
52166
51665
58512
27882
16004
1088
86011
43588
97887
82636
42312
74153
22332
23005
72412
24104
82467
37867
28561
72126
10991
83620
29171
51240
66166
29517
47834
98905
7952
73888
96197
24551
1830
33811
36975
73663
75672
75897
55985
47833
44138
67874
62804
96518
1196
80574
99313
68293
94021
43871
58247
98966
84763
45883
86199
14342
18306
98000
97119
47688
97407
84067
66418
93573
81527
87713
5745
66090
61689
55046
93672
7008
12484
21116
17991
58297
66934
4347
13755
67942
25907
10895
68585
22886
26958
70423
83078
69368
7415
7914
50550
3729
13697
41620
36479
99625
28366
33662
20041
59440
63738
18027
33204
79263
33985
27966
47702
45960
96142
1209
44784
79983
55265
82753
23371
20306
23067
67485
30772
41124
60265
83773
94642
80375
68203
73112
22752
30519
11200
54637
54475
63636
23728
53995
71401
26776
39605
18860
64212
59063
29159
63708
80162
85571
79043
76663
25410
74591
43767
12688
78997
86060
49132
32687
75623
3839
49105
21650
44073
52979
91392
70836
76940
71035
80367
93450
29307
70448
76757
82794
52917
75560
2646
13607
84006
16904
74509
3383
79170
50704
73494
42293
52509
65492
40437
63234
41034
27756
82886
64519
22893
59361
42114
73557
73535
12519
73482
86190
42398
68042
30835
97884
83086
49185
37423
79998
40496
59296
52724
37732
6206
86441
71563
85776
39808
45890
29975
63164
45966
32481
25791
36282
96002
7716
47866
16886
80824
52030
71926
52888
57766
72076
38853
36934
52274
80709
59877
84614
45365
99279
32331
83233
53290
38287
91307
69988
41490
33464
44934
99103
31175
18245
90576
44464
80411
17153
13468
74394
69132
72035
95815
33902
9030
9272
2398
51468
91766
52089
9453
76163
19687
82555
10085
68916
60858
13029
33641
66293
34534
83003
81558
91441
426
83033
83084
10828
32459
21948
20573
13381
65871
17563
62352
46292
65524
37875
31058
1842
93101
32607
16187
26584
75226
85254
66168
74816
36740
57775
76890
74696
96242
24655
9595
47701
51466
10691
41416
70643
41959
44473
28239
54267
13555
84009
91398
36173
91906
95713
15989
82173
22668
733
97026
39850
67492
42230
49880
56937
6553
30065
71858
47168
80584
83192
14281
16367
8124
92806
5048
62953
57924
48892
68200
14815
67855
23249
50973
6590
65702
9766
99356
38511
61157
36086
53015
55388
344
6892
32823
15379
38575
93680
62213
20930
1374
64282
34037
86626
22387
95399
64527
48017
80148
26248
69723
37623
95732
64599
15336
40714
56210
27301
12281
77
31087
29007
54446
84179
51018
19023
93418
63810
41497
65615
24838
87154
51494
65944
57713
23028
24771
10344
77602
30223
13196
29506
95516
69734
50104
88672
10172
67862
8507
94051
3010
87387
79995
74699
94170
52050
97645
87778
3494
91161
75020
19570
64426
18675
12597
24311
97427
13352
97505
98767
516
59113
59200
5390
38047
25520
24463
28654
21293
24837
41653
52068
51818
35326
55488
86862
76048
28478
83543
78888
9726
75614
62267
87773
11684
69610
19103
35515
4590
84098
46945
37407
14667
52224
83748
76176
65272
36281
85899
77320
57742
90908
19284
4748
96261
87448
32175
44956
22499
95291
33050
20838
68102
56212
49626
23093
12265
64794
43480
77287
79766
63782
45973
75197
55848
47002
38828
1931
39356
81221
4450
70511
60180
21887
30636
14110
55751
10894
99646
26362
37321
82636
73323
15232
9714
40415
35710
92189
66477
44776
19476
39393
91135
79255
26579
72684
4274
72635
78987
25412
1150
88792
26248
10953
81907
55953
13137
48896
33765
96997
35040
75947
98291
97685
71198
46009
39446
87523
82331
61658
27011
37111
6758
55659
54078
50779
93359
4496
9883
52838
96183
66591
47793
70358
46768
99353
64222
51286
36375
86932
37617
15199
18410
73107
59768
18715
77895
47575
31398
42501
58115
47918
47456
44843
87844
77546
17477
87413
85308
77357
78424
28576
84322
45120
6891
7875
89518
24067
19018
46387
42097
11710
75873
87266
69167
54454
66826
98274
56090
67996
46519
29319
98732
43743
56120
46826
77505
82018
98570
77385
45966
92904
27421
42540
87906
74443
3808
72003
70359
43596
87466
52204
12885
65124
87783
80208
23428
35865
77502
82669
61995
91117
24956
63886
1642
94065
13343
68054
80816
70006
53440
17147
52538
11588
84669
96399
47657
12771
76482
12475
3743
21974
22292
50596
15093
14537
84953
5039
30556
37343
84008
56896
62638
8462
84265
6366
68272
44646
61416
90771
27207
52012
14299
98927
57139
10437
7565
35212
97548
54893
67014
11597
88920
11720
15321
6367
1287
88592
94219
81409
78027
23597
56507
89536
91799
28034
28818
18619
98962
76516
23399
86534
22328
73350
15247
71561
37966
74607
28608
71912
89631
80845
91585
10014
7256
73315
30384
20226
72477
78302
74383
42668
66310
67557
67628
3089
37369
83854
95883
10089
33445
78670
29138
76466
59576
90057
79152
59822
9758
33735
54443
4359
23094
59879
23622
95602
1395
22125
46891
46257
65260
57814
54298
90451
12064
60429
90478
9686
20202
18871
47496
88813
64220
88296
6523
55868
65787
39160
47731
71488
78775
32080
56482
23404
82885
80478
37065
82861
47291
62793
27007
81135
47816
54110
61153
40633
85006
28328
30230
90484
38972
48478
80766
2761
91692
73047
32662
85383
21045
90425
89099
83044
73422
59822
51545
31771
66208
1080
46526
86260
22567
3899
11744
36097
28229
18136
86455
49636
24035
28155
60024
56782
20996
66602
2207
66178
3144
11646
68537
11928
81850
25166
93803
94878
53974
99910
21251
15577
2235
61431
23897
16777
71496
58215
53217
31594
49655
12169
74927
83031
68787
68296
4903
87529
71767
30494
36865
29085
97252
65601
68022
5235
94750
98428
88585
97810
79716
56187
39669
99626
59690
94527
11854
94417
31732
54034
28662
5519
34290
49557
16512
50037
21395
41269
52089
64904
15975
37149
17815
64476
43125
18436
21345
91451
46037
42695
16601
25477
22475
95185
39714
18865
96704
37558
64754
78257
4831
3167
90613
46003
97833
48800
50587
92900
7318
46598
21855
55472
2665
33164
59509
80452
54062
20492
91152
35061
1906
75090
53613
3577
53919
12
51327
4434
33139
55998
84536
47051
26876
78131
80592
37787
10866
9197
98453
13223
80848
94813
64752
85636
1873
12430
97039
35578
32323
54076
30165
19748
1035
9634
59834
50387
62901
27217
67712
58834
81525
68605
53203
66565
79135
95056
48156
82219
65311
31650
46403
354
84406
32512
39550
15497
99987
96329
74650
11872
57545
16760
60644
92044
72210
5692
13013
55896
81152
86435
28632
56373
65883
69204
91129
38273
33405
73084
80620
47174
20518
79265
24343
29433
30492
83122
81053
56067
1058
70943
16520
40092
80756
45157
851
22163
53437
74306
97297
15978
86197
75846
99068
1918
84698
63850
64766
18437
70089
66779
5429
92496
5369
83118
80295
81616
22965
76024
48643
1236
61428
23125
46799
82640
45687
89542
86003
42074
36094
4376
89698
6830
47207
75007
83168
466
59876
41250
52
53139
65559
9615
56043
7118
49069
2287
88806
13835
51925
73140
66562
37699
97596
66287
59202
54306
66630
43423
70843
37255
43274
59300
84092
69161
906
73361
66263
95700
97166
22079
79824
49
84956
92126
23042
21699
84310
16454
86056
85326
60625
83884
93999
84082
60109
81393
54101
98741
49941
76788
26685
81086
2357
13576
47411
30749
64755
41664
73942
75977
50796
61702
83399
13314
76972
73131
5229
18484
64648
69017
22530
84637
85980
63108
19613
9925
29756
47678
19516
84524
35609
6058
36430
21027
66227
43529
13371
20528
67605
90032
12017
45524
12146
60699
90028
69897
41369
91034
44064
45605
17783
61001
42374
62460
20170
62814
53153
226
30718
23164
3500
44397
20838
85956
82178
42040
77784
54219
57449
73860
68581
16070
88955
79418
73715
16226
73587
89868
31193
55376
58097
16025
65879
79133
31274
46703
45840
48640
8815
99818
613
14893
42999
81243
83567
67014
18220
83684
52280
47889
60335
43807
22358
25157
969
96606
98885
46590
13968
47182
29600
25872
97202
92693
12604
23768
56416
50810
45217
88333
67450
85091
24678
78838
33171
33593
55304
31605
161
32553
52006
61313
68995
21828
52796
40817
17807
63877
48730
54772
83351
92658
59489
35230
91159
58332
15450
5565
40382
76897
62706
39594
32407
84721
28725
96954
89651
93421
44838
40884
32116
68395
95160
59133
13496
29878
22028
1711
98496
3411
83816
34344
96349
32862
16816
17695
89110
6035
59364
56497
98199
97672
59638
57081
62330
9495
19878
16607
33035
65210
27612
11207
73818
34639
57056
79754
35906
23835
91545
85186
40497
78443
21153
96094
69620
74005
56834
30421
44289
94365
11888
78776
55488
65875
89793
17024
81238
47514
67853
81607
49967
93668
2334
68754
62023
15416
5524
90059
44150
97238
44152
64622
56918
18993
84379
71641
63602
17979
51178
15174
83980
59743
67024
40821
44235
35207
97896
11938
2048
86717
52253
11159
90899
34607
11361
17274
10063
35116
63238
90790
94278
69322
32508
78871
7266
58410
39912
70463
64522
41652
81533
1910
95821
27932
50489
76558
83438
61606
91711
93764
89003
51845
15820
35826
15532
74335
83032
33090
21701
97132
51403
96157
12168
2301
55834
17250
87082
57146
46461
62962
66768
13828
6030
36327
1206
44441
31935
48101
86427
44949
69816
5353
2733
85077
67341
97758
71148
79639
34008
38638
66782
47038
29560
98709
80111
2930
77669
274
54754
90180
37678
67895
28248
24399
9393
82015
72091
75097
67734
99199
85768
3928
72041
44021
69752
24754
25107
77117
53225
78045
93556
57987
3885
24006
383
59378
77295
73453
6385
94187
68157
5324
20047
16785
9750
20344
11355
13857
5970
74593
45074
50048
50248
91348
34630
97100
79872
44127
91795
46292
17174
83124
57024
79812
13831
85703
74133
99128
17884
43058
84051
19345
58480
26936
85683
37158
21887
39461
75167
69682
44237
56020
11335
52043
72271
58955
4546
56723
44538
6433
53538
84903
68583
53856
41137
2357
49376
88742
1869
13898
63114
66949
70750
41449
79278
63209
40368
81944
68614
96218
72498
93173
97792
83095
53833
2149
12754
28099
56625
43085
66714
10812
77714
24474
24720
62565
39547
55034
77516
79078
15485
74797
94509
5930
86310
60406
92717
77126
15673
92172
53054
18169
1255
16782
48736
25006
28364
29779
81827
28158
86216
23294
69812
40083
67640
99184
87238
47847
92784
34712
37982
97708
22040
88069
93818
73605
16672
29213
16574
79216
59841
56774
61661
18151
25202
86849
59297
70428
43779
30710
95288
57154
21018
53162
72763
81130
99624
81006
51547
61611
25766
33106
10698
69275
86673
54774
38788
64090
73888
3168
22904
96558
14654
22025
41495
82440
48264
81554
26039
4165
56996
4341
83204
59185
10300
16470
5892
81734
16918
53624
43749
64627
54417
31692
34022
87736
35230
72004
16351
14637
24536
39237
15693
81825
3746
65403
59614
94688
63452
65414
53877
57422
25921
39858
6971
42289
15072
19877
25762
61771
89685
66962
30711
83492
52292
20426
30052
99398
16529
52050
39071
63234
53534
38319
74642
84112
90562
2718
53703
10419
34595
7680
46448
6235
91056
20211
46769
78532
26589
68956
36235
30044
13627
34271
4869
17986
41043
98449
33560
68554
31519
1349
44408
10301
78118
39555
12539
57917
13170
57783
64807
16357
19984
35397
47100
92591
11235
58650
44634
60880
51205
50813
39312
2654
60155
26181
74883
24305
8179
484
75160
22247
36541
31841
13598
40770
995
8483
67931
82956
57894
83593
77649
56667
28823
68599
94348
10063
48175
89547
38059
44183
7212
77710
28680
45236
14280
21766
32902
83286
12183
23463
2678
63170
17245
32106
24294
82965
26249
26294
56678
24034
40626
78746
44953
27671
68653
71932
99029
63070
70568
71660
12726
8351
57222
41042
96677
84035
13112
42119
78624
95443
67764
91423
73127
10751
52980
5507
69986
97050
67245
89277
44338
34434
77898
73612
33811
90430
94757
4760
66730
7009
6978
29311
31313
71051
81448
8078
80188
71662
73949
73643
50791
40877
32925
40751
82878
8481
82646
817
18856
98389
66338
25725
95665
32081
226
26212
39699
68149
30420
5933
25568
11067
18289
7913
14127
91774
73958
12708
74688
90874
88396
71960
15470
35177
27110
9115
37616
77676
95607
9848
66443
8587
88349
73979
43064
53811
86030
20550
57133
92254
58349
9761
31947
52849
68009
65518
77572
74494
43346
38010
34374
45738
55129
92016
47305
52073
69412
93800
71184
55717
75018
90268
98815
96158
29617
77914
48506
64171
7009
94774
34326
37086
66596
63927
32607
19334
64957
80594
44580
27086
38275
11060
89506
90819
47864
15160
32972
54674
11370
82904
9876
60592
82565
40961
96729
41107
47986
59935
35340
93278
24913
20855
66240
17722
45518
9428
55599
5055
83683
93944
92739
70290
44714
5908
2664
62216
71037
31348
83947
11689
24428
37713
83726
76400
26426
98794
35819
72782
57429
95053
80866
96495
1648
43022
57185
43700
26655
31642
53775
51199
91854
50502
59926
88974
87933
22336
58571
17694
65148
23975
22426
40464
34815
46039
32306
46921
41727
75356
60491
68116
80077
93288
60560
24930
28083
57023
87212
84946
38057
89775
31925
65579
8209
93502
18448
78214
60912
78427
23647
91240
3593
57014
58318
33133
74711
46860
43062
90145
34086
29563
84651
19367
61007
21524
20361
35996
80655
11662
80758
28182
66946
17430
57235
30695
45473
40292
77764
68157
70070
75146
6426
74955
2679
81126
41274
93218
967
74998
47660
4505
2948
12939
88161
29549
40430
97205
51553
80193
96662
51166
48273
12838
22462
66964
86110
45493
71250
61470
1000
94649
92963
91087
75118
49963
90428
11256
52850
73589
46467
7896
36424
96088
29902
69007
18112
62888
72286
85008
24526
44308
46557
81717
9970
20964
40336
8620
76201
38876
86585
23406
2864
95805
53291
67472
19439
59115
57738
84851
22762
72041
88095
36215
14431
30239
10294
5356
55005
55678
244
72904
61602
40026
73976
58677
61742
50422
4012
91682
96553
47710
53320
19641
10414
88941
56931
6961
75251
46959
48215
48154
21750
30113
63696
34645
24741
89685
86321
85222
83754
12977
80099
29186
85105
63415
79930
69059
23192
72895
73095
93114
24850
84832
26547
47427
21591
8045
12575
44468
40620
39612
32245
84752
7466
40483
56586
38296
13294
87867
21523
8097
29596
51239
75936
22529
66129
16173
45817
30914
9604
58818
11892
42681
6295
6149
32080
40432
28480
52417
46098
15455
87407
28374
52441
6810
83451
88402
63648
4836
77293
37848
44047
46337
47880
61378
20926
57608
56084
16003
47752
73496
36966
5381
78119
72034
52429
80305
1842
46596
18204
30446
50480
98101
84399
24064
20631
74076
11131
36305
27206
16795
6199
82094
64027
50665
46049
13992
48114
73758
47886
50491
26074
50695
18226
29547
56981
89337
52520
44873
1453
11202
58687
86
11214
123
44897
64159
69859
88153
49376
93414
70609
98563
89855
37569
27018
62622
26811
54204
24207
59172
18037
89305
49957
66068
23421
15096
91890
43266
2875
48753
52212
90639
27453
33406
87391
5011
89624
78070
21457
1975
98013
10260
95700
44607
33691
5494
41551
79556
12554
5953
49577
93568
87643
3426
64219
85858
18457
91983
60561
28898
87099
75436
76093
2191
23402
14314
13559
28323
64906
1450
45493
2648
21734
58207
53187
76852
59292
47345
42752
61151
40002
31325
12212
40981
60564
93626
36913
27127
63996
84182
29510
3100
57916
92735
2426
39109
9050
58462
42795
84334
59817
50526
99811
74913
6896
52139
20179
95044
13945
21749
30063
53906
56248
15667
42470
38312
78614
95172
38172
33877
94873
91728
88517
72628
31569
63245
50432
89015
48322
86463
30670
11801
64137
43575
11502
23509
16941
90843
88983
61941
61764
40454
57393
87971
48543
75046
36240
48475
57650
71652
81454
28289
59620
8545
45251
22543
89455
46683
16836
99335
76693
48207
69237
93735
56096
51608
89804
92506
82611
5973
93892
41226
34738
1545
46426
46644
91818
89500
48104
76596
73439
3263
3612
895
54993
21645
3636
6640
88554
83085
63224
13370
34182
35091
18515
3580
98207
45254
14127
41650
21589
79644
98285
74024
50902
25378
21534
89994
50095
58616
67361
70934
75567
47865
52634
94099
42612
82584
80362
23483
46389
49637
88369
20692
96107
47119
87997
94460
30205
52612
685
72514
27527
37908
23494
10034
8773
65876
16913
65608
8193
82910
98640
97542
54903
29205
14203
69920
20354
58406
8924
89045
71269
96490
82050
45464
33976
58600
42694
49420
86412
15191
48024
9774
4861
61921
15972
87948
45139
91844
36135
75348
26517
67538
25384
54375
37227
14264
64181
74860
79630
71195
14491
29536
12334
25374
67617
28971
39551
58848
99458
40143
10209
38467
42917
64986
23947
58631
78235
92506
40180
80117
87700
29232
9789
84504
43326
24541
28510
68709
59899
88985
19307
19003
25373
1666
24067
96261
40513
53841
31893
75133
29606
79369
25648
71339
43272
57385
52805
32810
67037
42593
67707
40364
3819
38977
13327
8148
11429
99820
57445
68769
73728
2955
90799
50794
22614
2271
1561
11428
11894
95182
58383
36033
29797
50974
57100
33043
8821
17184
94720
67663
75456
5028
58140
55500
2498
29482
14205
92778
40113
81689
65843
22031
63578
81160
87213
55468
58872
54425
61060
25663
82803
60582
46016
51634
74067
15507
22410
50720
88704
93059
53391
90424
80312
6695
24845
51866
67435
61041
21853
70750
27767
65191
98174
11956
38491
36434
10842
90437
986
31990
9495
15641
88846
60796
30332
14002
79397
42443
41373
60790
75069
62262
67461
32074
22552
6959
70496
68665
36636
65720
68002
63764
87370
314
55319
55091
93880
23598
35656
4154
54381
78873
42951
32054
26361
67414
83671
36519
34191
87083
15834
90168
78975
10332
7193
51913
22164
48286
71274
42702
6951
94468
85121
61776
19518
56342
29237
59985
7269
93632
50029
18317
98599
15783
99527
54300
32745
50261
22949
26067
62307
8629
43349
62923
74204
44251
42396
74489
42401
54586
8382
54012
18401
82169
84332
47830
91912
27232
38314
35281
20022
33964
25276
36739
70076
8994
8428
95212
46386
3680
65819
12316
27992
32911
18818
27026
12423
13557
70627
91391
35698
56807
46577
92456
17950
3291
19928
76042
1724
56315
90795
64920
32415
3990
48073
61056
3199
92016
28042
46732
89928
52538
15403
9861
63775
9116
36980
17233
38963
95727
65699
26333
8092
27879
72599
48726
86706
78189
18778
44560
57004
71211
50795
50762
66452
73057
95048
2281
73348
49268
43765
4544
31263
61574
77067
86513
70094
23745
48288
56302
79957
85740
6574
30520
48978
87072
49795
59017
64817
57429
14565
21677
10159
70773
63199
20426
72841
850
75021
33792
29023
40083
7648
66347
35147
42729
54702
33638
37880
94112
48345
28810
48321
6514
39162
23061
77480
24373
99946
43301
70607
36629
81517
48675
59510
3996
1275
37148
9490
56717
42348
3690
91366
62704
37792
45586
92544
391
97288
4263
44754
88255
8148
22252
21100
87043
54970
22
56051
76043
83040
79023
53888
65681
1894
48663
53879
84612
87635
23909
13218
97749
77914
55884
95594
42255
23080
7865
56946
5444
35661
26200
55951
84130
15877
9909
64584
43172
68066
33824
51494
60453
36952
84747
39736
24975
87684
28493
47014
32241
54266
89577
41103
67568
77705
63368
30657
80724
42381
37282
60308
41827
42514
11868
33444
95467
28671
66412
3754
29849
74310
41272
83349
59431
67911
41116
10218
43153
85116
66538
89621
32872
77796
89451
90571
72096
7151
33764
73630
8900
1667
45588
15836
14601
64361
45017
13316
67744
37847
94259
70309
8581
29019
96640
50517
43541
48032
52583
74700
16476
45952
80976
22203
73068
999
31216
38187
90506
30335
27042
85846
51266
87486
58417
85916
48762
23912
29554
46051
22564
40321
79246
91247
39214
3123
58686
28890
62995
98233
81039
43504
69716
87270
82052
34409
29985
66005
86363
57188
66929
19438
81992
38364
62034
5649
11645
55145
98618
47234
15275
52246
74044
76305
58754
12635
19606
26948
59060
98167
62374
29156
3864
75691
33117
81537
70251
98165
524
31875
65265
53704
33563
42830
18392
84708
72249
67088
10365
97432
78733
77675
89480
57585
93610
71322
88115
43804
49634
10593
10312
21440
62866
30997
60232
97489
99258
86117
89511
63539
51696
71172
10293
98092
16426
31508
66168
75523
6137
44465
94197
1019
11094
63639
88877
26886
79508
46384
30532
51208
24853
53822
85981
23145
1017
8769
72768
42006
73969
68486
87998
26486
62961
67245
3532
93188
5219
71349
19306
22381
46905
26886
85352
56775
88186
16762
99390
46603
91070
14249
18041
78353
7317
32559
22166
66951
417
97276
37351
59598
76324
21817
52146
65010
20595
39570
78073
52131
89482
63012
33108
56340
67994
41604
41146
98736
88765
94889
58015
18964
54986
27479
48599
26092
91460
38409
42137
33902
87309
86938
92031
87885
99991
27216
84745
8827
38619
55334
9313
47711
93443
52949
82681
64591
95553
43006
5616
93449
9539
69910
40692
73748
69054
30830
88802
46414
61607
47614
18761
49553
68065
84046
37740
19463
38128
55393
17925
46630
80812
1790
26183
71275
73393
83004
77341
21839
42035
54121
174
1704
80367
73239
39649
42655
63453
61668
80029
29289
64674
44932
76329
78660
66945
27149
18003
14800
38801
64031
23020
83207
27530
10254
51440
79514
1177
96653
54499
21802
99924
86105
13367
68928
31847
40607
55690
63881
55724
76715
99277
33842
56248
38574
95615
52508
15026
72459
17719
32955
54784
69182
73569
64977
25370
73577
80127
83522
8319
11005
96753
65075
6598
15905
46032
86084
11821
18146
65492
20360
32461
55767
90709
16349
45519
15600
11150
45548
42807
37275
24733
85470
93055
12370
66823
28344
81631
35396
5337
11253
83559
29086
28458
47103
89455
72726
37308
17610
19686
20628
71137
6317
92006
99038
33658
15133
78985
24862
42554
35624
9525
59602
41289
93611
73138
50767
53124
57969
10813
87315
27426
26728
96437
54374
17266
39009
27442
82668
31584
47012
24213
45322
6422
11150
44666
21586
85119
19720
24907
78380
36327
64453
5327
35907
56382
87032
87039
44970
7419
8111
5784
19625
30653
38992
25228
58184
24333
66638
96627
89462
75359
22216
1056
92726
76343
80670
59470
86663
3977
60401
29241
67695
39800
30742
19080
71299
69888
36599
82472
17013
52048
81062
95573
16443
77870
36991
45521
34840
73950
82457
81239
98793
55038
36808
15401
59278
37001
79314
50213
54386
86203
16651
21366
45817
22035
48976
82823
26086
12180
30525
16882
75174
96518
1355
78775
86140
50619
28682
70312
93354
4555
35670
83201
51545
15584
43737
11733
67749
6798
15261
93571
73095
14490
80556
42247
76992
90395
26374
79949
76639
80926
50078
161
74416
24771
65298
10882
68898
96581
56996
52629
51346
10231
18842
917
84153
18218
88559
99687
71503
3595
97331
50028
96730
84265
2598
22384
66519
88660
38220
62752
19812
6081
72238
89913
27271
64842
2637
47098
63199
35026
20035
56027
85605
25222
29080
53719
52478
80863
73246
92293
61856
45861
87497
86053
14078
46029
61646
98549
91090
58114
88663
86531
58950
32066
22881
11901
50367
91551
46258
24612
82279
55142
17178
38559
81110
828
40325
75564
10075
72100
26969
60433
18476
12478
5299
99089
24168
73130
33657
96666
80261
61929
66107
218
51708
79076
22314
14802
45037
60646
79413
85891
74799
5060
83069
19077
89528
43549
37364
23575
15398
40701
36374
56048
10056
50203
91395
74612
66924
62210
17273
55362
9125
74413
55146
53578
88504
72524
97695
99196
62627
77859
62057
21308
61003
55537
83999
40657
84289
76430
97433
3004
44337
80429
68360
67910
38022
56129
57616
98834
87389
42748
74499
11890
29540
82610
10394
30102
14543
15133
73331
82751
54839
95642
96354
52785
2287
25392
12853
20135
27012
79889
82601
41632
15344
79480
3298
95191
67004
76978
45195
52528
6160
35610
30154
32494
45272
1821
81183
61890
51668
79996
25977
5054
8764
46703
91413
89608
47886
24998
33876
56394
79574
37515
10551
64230
18008
74371
40634
88198
45501
61396
55050
42257
70552
38945
17220
54202
56500
38064
52876
51987
12828
78988
18023
1343
32358
90758
81653
7012
51453
50838
76942
43007
41993
97824
23576
49170
7037
68338
2338
90552
96957
83786
68000
65562
62922
44852
48260
18234
19308
15408
6357
13292
65435
50258
62959
85060
26505
28899
44407
78698
99343
12581
94232
25162
90675
20852
15839
68744
63219
41608
23215
12049
1041
4791
51490
46253
24314
65143
85565
36849
54420
13761
55759
33169
89220
57553
68742
81074
72922
80234
42222
19548
72313
92983
19238
42703
22343
75307
95328
44333
72621
57002
88117
24981
14507
64961
78275
16240
17020
58960
66309
13444
70913
24360
93677
1798
64748
23086
64384
33132
75947
62623
40494
60257
35279
76783
39116
66513
14681
71498
34896
3524
54528
22811
25193
3720
45793
37066
60536
40422
18819
288
62894
30679
57413
32071
27204
68112
89127
72237
67953
80216
18290
33799
71820
86874
82501
25009
16542
37365
45501
77523
90690
66545
56671
54784
78748
20461
18245
42424
46900
692
25316
78157
47374
28333
22870
13507
56039
92177
58856
13681
6989
7128
74434
1988
41083
59436
5166
40290
8560
85535
92135
69355
13451
36537
53919
58908
85317
71657
25453
58574
69483
73948
82066
91451
40119
29068
33734
96544
25066
57872
43396
45822
98568
14929
17871
699
42671
13756
65343
90150
55061
98163
9483
84311
74366
68191
6708
47892
407
7776
71436
60144
19250
20164
73858
74509
97150
86614
20843
70243
68066
67534
60463
65945
27062
61831
36941
45584
20317
58637
77867
70368
27779
69269
862
73817
32848
7527
12242
94795
24678
26454
86582
65537
22332
11632
29320
31816
81719
52944
66361
21582
62370
60433
58396
56614
85322
95005
79088
41000
53529
3428
98599
81044
81613
81160
20338
6743
55347
59093
31788
20358
66341
38158
44800
84103
77374
94274
31735
90896
58198
96798
23938
37063
68991
98748
256
40200
13562
50969
52780
19589
72182
70308
51431
73543
84710
1201
51517
75795
23262
57006
39671
35720
86634
42413
74652
85477
75595
17184
94244
60520
1039
75779
55419
18544
71115
61011
56879
28900
48824
44989
23254
11436
79464
31249
45310
24605
52771
60916
81330
70835
77410
34485
35782
15062
12327
13015
39008
71295
36599
97997
59491
25364
95222
12645
66169
45711
65373
33883
14236
24637
24986
83790
67809
50018
88516
82543
33793
17817
58328
48565
4997
2425
66069
7918
12494
43764
16850
40976
4895
48953
88535
40142
63655
31513
51774
86790
40591
34534
98631
31511
9884
47159
97810
12559
8577
38537
79997
76706
42596
68608
95194
85944
71275
26891
31467
12253
34147
45541
1149
53756
34701
27863
49534
49445
39397
70042
96541
82763
74385
60603
92157
93099
66
48504
6069
70790
19306
4007
93479
41007
27098
54709
3419
18656
95350
58091
16183
52807
87288
17805
26813
10462
2174
15869
20801
90040
52369
6172
92261
88567
10771
62096
78611
9947
70372
70113
6775
15125
11504
95358
39767
38905
46904
24733
63887
5074
26492
25983
6125
53679
61730
80593
65286
38747
25990
87215
11795
3147
9343
37315
82956
48
36969
73035
91807
65292
78931
2681
95532
36577
76359
2004
61504
83525
1170
79515
88012
87954
19824
40138
46242
44602
469
31829
15692
47671
13658
21745
48136
83392
30722
47634
87972
71288
35591
70767
3890
83489
94118
21346
84648
73678
58852
75
16599
26742
84763
96980
42469
97443
10022
85583
90921
73322
98661
67100
55107
14966
41228
59047
89589
99773
33038
24206
52930
60404
79938
35487
31650
28478
28303
27392
51903
91071
218
51817
42639
16656
36008
80715
19982
51211
38194
87124
10775
41957
71461
40362
26622
19451
90514
13141
34542
76037
88409
36986
66682
68520
16908
74945
39298
93352
84355
77880
77892
1210
32732
67248
76828
83511
88909
33829
45146
89740
35400
75164
1407
36174
69033
70917
88787
27724
22111
49279
34565
32061
10325
96730
49632
72248
44763
63064
26727
22850
86
40013
86733
18785
91904
18982
7859
57519
18845
42054
42655
23211
4636
18122
81269
41866
62311
91310
41205
62475
75111
86697
8048
50055
71126
76724
11848
20423
11202
39976
18020
26960
19899
84388
79116
43801
46394
82830
99655
17021
72621
31185
56911
62604
61347
23652
75150
42076
92273
25164
7735
39548
68030
67255
69571
52713
72849
96105
29702
20570
22645
27861
64365
27446
97095
66497
64951
89958
12636
2635
14349
33956
12113
99178
68639
80626
23344
24685
35805
32232
6331
40512
79502
53925
8185
13550
21873
22534
4474
32416
26894
24213
73833
59138
30871
46425
74317
1831
6592
61803
5435
79011
5240
84265
91324
91766
44643
91459
90071
14153
20406
31986
39995
80241
2927
85384
38762
71152
28974
16739
50661
81274
39411
52860
6864
2229
1557
42332
31138
25466
61660
58957
38668
47705
43581
37358
77859
67193
35504
40193
7756
1020
52302
17247
40355
88160
3660
18507
57863
38434
39311
90659
70533
43390
3115
4594
72320
83313
97180
89827
4122
12543
20096
96400
76418
67409
49935
28761
76986
88118
39127
29329
87427
31338
88537
30577
29191
59348
12154
66000
9827
33353
2599
63882
44303
93294
8904
52284
68876
74842
98655
23442
92265
68762
73502
33592
72593
78958
90178
95469
51060
71825
46831
56854
10704
77783
39977
11791
60732
69775
23245
57307
50418
45927
54954
15004
89943
89870
76736
22398
21480
41684
44947
25166
73282
45294
60491
23433
89901
73974
45259
57999
56006
96528
4331
22198
55752
81639
97205
92442
69974
50325
20889
95954
31464
44033
99629
68190
49584
56035
19237
98140
36136
90499
74922
57530
48665
41952
15386
31686
41898
20428
92765
85282
73155
2452
53375
27411
74525
10430
74414
57688
30121
34443
91634
98519
43001
66780
19523
90099
74895
29136
20396
86842
7712
11339
41787
26171
52420
69363
89153
63669
32637
12116
64140
88010
92737
67267
26654
31762
44901
704
10026
72044
51528
53940
34059
4239
9466
2010
19905
13215
87847
66042
22089
62619
75428
4240
51351
20595
55861
13868
57331
75863
17496
73170
64653
29419
41778
19681
52286
65079
3027
87537
3549
92634
57064
92085
22362
98942
61630
20577
86554
85894
85742
53541
58384
38693
29481
79798
64085
17128
17857
96014
2083
62099
94321
75786
16179
95338
65546
67634
11569
29093
68795
13525
70777
93511
48029
66610
2385
7720
56920
25555
57763
83405
39861
86004
64981
31321
47106
30274
29798
11006
315
80830
63015
8300
19515
58272
48275
34506
16926
30072
59149
59426
69778
28272
24565
10165
46490
19054
23558
3824
48446
78358
28111
76503
23923
52139
1836
71646
81666
74678
22592
41463
41688
48991
45745
70853
67018
72664
28416
88975
68514
28602
12804
6384
40042
16422
4738
46059
79124
19566
35979
69947
98627
36012
15154
30185
16026
56304
52808
58199
62943
56151
93974
84345
99500
70710
33846
76387
63186
52790
89583
80317
98058
37434
34571
60052
66489
32540
15350
68522
2878
28981
90709
57485
76124
16283
25185
90789
32287
94180
3903
57319
70573
98857
38813
32039
16298
38630
5707
55850
66439
91774
64307
18617
63913
93212
3510
96081
11954
80884
12965
79256
90382
21639
5209
49130
81019
26789
65551
88817
66677
83149
31235
76947
31262
64336
48648
77413
3687
38036
7586
40254
4574
9173
16064
65382
37492
10309
61561
12941
18536
85683
2274
8792
38933
36554
66569
86742
35062
1840
23345
81040
29842
97967
53130
90207
56455
52913
94188
52376
35319
25124
80656
3298
56841
92957
44427
72072
40190
90584
49160
59050
87698
91838
82753
38382
6538
38367
63418
17012
52992
37855
56058
86311
94119
24653
6406
97775
40253
55502
27868
84899
37837
60825
9641
32955
60990
31131
52967
70660
24732
22266
32183
429
40577
1399
759
7487
55167
88429
8447
87945
91500
3798
64958
66328
35659
56172
21388
89094
77651
79404
82892
77962
94558
50807
61921
84525
81424
85491
90921
41693
57218
75183
18649
27290
4138
44259
21847
19757
53769
27541
22318
63129
66704
50200
31378
49161
2864
86191
53808
60617
44925
79216
92337
57905
61566
42915
77163
77116
51379
53129
59492
14263
10883
30394
66756
19381
12130
967
57589
30
55803
50590
89946
84936
31008
7659
70313
77598
29099
97467
31782
32892
33039
92540
86494
61053
63840
28897
83901
6188
78108
57506
73676
63606
78804
59007
99018
50273
82811
90565
45318
64278
36522
60138
98295
6457
238
53106
94104
20377
55375
31955
28866
57379
75901
31766
63112
22449
52857
87220
17577
1408
54781
39840
37782
40607
81961
4580
7745
81219
75019
47043
49661
77047
70186
30141
42776
23313
25712
98257
11666
73664
15537
2716
64760
71170
49884
96992
17634
70161
46109
66657
61765
64093
812
47368
29301
60565
43414
76330
99323
46783
39237
26211
17007
87271
68911
63100
66098
57844
49272
78540
86859
9046
13189
89434
1276
59676
17246
77728
60800
70754
93503
88939
92739
49959
27132
7455
43646
15068
76078
66071
15373
30041
32541
66603
35407
33322
10508
6378
67610
88454
86908
98791
85240
28128
28414
8432
84194
50870
57177
77624
18263
31271
91092
95959
49112
2530
95296
63975
49124
53817
54853
90415
56235
76724
8424
31741
45522
46562
77014
49388
10498
38891
26159
93893
27116
30944
83537
51842
42013
99252
57088
91502
30138
19684
92751
16040
51993
26193
36142
15910
19131
40495
49521
42229
17801
51766
72376
24671
93482
4021
84096
43462
83135
74310
55877
48076
10748
89084
53138
97493
68963
68666
44359
41892
81630
23613
79878
5571
1144
11801
11322
99966
56344
31426
11172
83726
45147
193
45059
98323
32910
81446
21151
2587
72741
39036
42483
29151
31163
1816
69588
73485
63014
21195
90914
84224
21014
27511
107
62539
72618
89342
34390
30133
79662
91798
33874
28669
50453
17721
74876
5439
1551
39129
78503
45071
13320
41361
203
79522
96157
5974
70956
60781
97211
39500
60134
35045
39510
97301
13106
46245
57795
43844
69368
77485
52210
20208
20817
88231
96779
91108
41783
27974
14372
22579
40011
81479
27676
39785
15363
42266
58039
17916
26190
15897
64247
55233
12133
89014
22163
96059
19856
87156
87542
76591
19666
55980
72087
57939
27571
69488
80721
33732
43208
46059
65854
48791
95488
10791
43701
29127
77229
56553
42556
47469
57389
31607
19756
90766
63957
7993
9664
27278
2777
53885
65081
16994
81914
52276
85938
10339
22412
70267
64570
21759
71203
19156
14163
5481
82042
62834
37446
29968
44671
57332
8033
25710
17342
50440
66159
94423
10025
97009
16722
25521
80161
73827
33023
74114
84483
8715
85397
34693
11186
61228
38172
43767
88060
57700
39926
35918
63468
97997
34117
39592
39500
27999
3577
88385
67925
19986
18867
5375
48437
56098
43132
89128
4155
80107
16411
42611
45633
68564
24471
3708
10039
82536
83113
50960
11400
23295
57948
71304
40459
55099
37732
24627
41033
4494
41145
42348
79173
62617
29390
59211
16589
15248
74098
11255
42236
95833
99939
46457
32713
56179
1545
24812
15407
74930
48374
69904
14074
84809
81528
48765
13323
87361
33177
6005
90984
19813
64787
67506
61923
88896
39859
41407
32645
47102
93385
71203
49399
91824
64809
4376
37197
54027
47873
96697
60240
9040
28311
50425
80710
39493
57951
40401
59167
32066
49622
69265
46751
30761
1054
85432
88419
61900
79990
16063
62674
79122
47348
89487
76673
18132
25186
83987
38211
30978
97043
7208
43564
34627
86688
41456
64608
18937
27652
22662
79836
68323
49168
18124
16096
50524
59403
99969
46488
15905
42634
654
77286
67151
41928
92255
52110
41738
7938
24847
96350
67451
44562
35772
33719
26193
15749
2041
54108
80168
81595
3970
44182
39335
74971
51498
38337
83619
59057
68017
48983
97057
54597
83346
1239
84793
6872
57688
79858
54262
33853
88560
54226
64538
35602
60697
63174
48510
39450
9464
49998
97942
95161
25352
88512
64659
73643
34735
28693
81123
91393
76908
74900
58419
24153
20909
85240
90548
74681
88093
50080
42459
40263
21177
98131
84579
13928
25731
76877
53101
4563
15120
56171
56647
27537
72157
76783
67915
97268
79839
38320
30974
77969
68311
34946
73209
83835
26371
3421
10756
28669
80338
10348
57662
5140
64688
11957
57465
62503
7711
39488
11011
81348
33991
48613
28927
46680
38660
15191
43538
59562
32477
75623
70457
9364
19669
99606
40791
28159
22810
91258
51245
31163
38331
86252
64354
96248
46199
59532
20290
5283
94416
30738
74627
19392
14559
37522
2978
87073
7521
83115
53452
55296
53518
77836
33753
16127
2986
86243
90738
28377
86868
74564
41139
20804
83837
12530
5932
56358
63379
22733
88129
53521
30811
34264
94034
11133
7740
11525
96564
98464
62008
80096
99262
70348
9238
60245
52480
36901
37626
10590
95982
9469
58423
22573
87130
40943
11227
9651
49599
95284
18664
20843
23578
93125
59138
76197
64307
12429
34500
56786
3354
94698
98605
23753
91660
67585
1337
64725
9556
16763
85866
9851
71470
4159
87141
75755
45447
69837
87737
27522
99392
17972
96889
34745
8497
85713
25515
62895
39915
38118
34233
39982
25974
95410
37797
81980
56985
99858
93050
87808
31575
55572
24221
15726
27190
52819
32610
63121
53340
47348
64955
12628
68210
43068
8043
61422
25194
92492
98617
99239
49245
78138
97376
84395
74093
14989
35235
86890
12073
96948
24126
22538
47087
84644
26712
33642
41291
94861
34068
47091
94622
90871
55942
60541
87162
92126
75331
9755
78185
95463
89457
87844
59886
76062
76893
95423
83811
28046
11212
52234
27201
63260
20009
98087
68927
9792
89309
70020
73105
77088
62621
37733
24721
85739
1565
91856
24859
51055
21058
88277
39859
76056
95830
28952
9441
57126
340
8125
83836
67689
56610
3374
2597
67708
59071
33163
9738
68219
66322
49391
61675
17058
81442
87387
64377
17699
55300
31746
58490
2211
95951
21649
2122
5555
51628
48408
54395
55142
79048
53368
50269
82067
64715
79915
53176
91529
66755
68939
3318
82601
97018
79552
45950
97861
4807
69130
50971
14452
91840
43751
5787
96014
77357
42721
72083
45770
33527
60919
49920
7154
17887
46023
42760
40063
84779
65365
23199
4759
82235
17658
10085
96319
47962
41163
21421
90879
94032
70213
76729
60081
81332
18130
25121
76868
5215
42267
20882
92339
87003
28682
67859
90366
3899
73499
43746
78914
3332
40383
41853
64154
4809
39820
61085
7761
23572
90788
71261
38882
23328
3935
920
69486
5668
32696
27440
64953
90698
65362
11147
28258
46205
53413
41880
99773
46465
42825
97296
2863
30908
64957
74167
76261
12818
37045
20705
16594
96174
37438
11889
32515
15260
65422
79741
52064
40405
15373
89037
74081
62609
30842
59363
21930
20320
98332
34452
773
79988
75238
51028
52667
63670
29445
32976
29102
42169
73513
69685
3702
69676
1742
84110
1846
76936
60550
92202
69978
11433
13828
25212
89200
84570
95527
78748
35455
24745
59906
2059
35048
67162
8356
79412
48152
37879
89257
17037
7240
41156
47676
90493
23089
62736
14023
7735
81167
58632
11481
28997
34737
51878
1426
99360
8889
60903
94350
40699
8246
64283
36844
9280
37916
82997
84249
12018
14205
73729
66526
24657
42758
33941
39715
58524
11096
60160
44062
45297
88866
27616
31580
44656
47416
64560
6603
60254
49394
80606
57953
47557
1826
8314
65197
44888
59891
13898
23064
24915
30747
44730
823
33729
80446
58449
78448
48248
89343
79999
88007
51264
66082
49939
97060
25521
79075
21161
42082
29209
15533
66368
69718
25820
7384
50698
16122
70454
46882
39388
84437
6204
2633
3749
19689
49729
15362
65756
16697
65300
35929
14546
68725
10215
12197
85542
71652
84522
60231
32375
77644
66390
14911
8852
22272
30693
39659
98127
77991
1790
59197
45233
16357
64560
80568
3783
56328
91188
75431
91993
26097
26228
52250
32315
95197
25930
60862
25917
58832
73665
94167
18269
12733
72536
86172
11677
42355
71077
1136
75918
17511
75734
51064
33675
71674
13810
42206
69731
36168
92190
43713
91758
16716
95004
77943
72160
51699
54158
7584
94140
92604
88728
30248
6240
23432
66052
8920
17886
49763
43998
30681
25770
41551
64223
50599
36143
48554
67816
2254
3261
96124
91396
43940
11325
8831
54608
19683
32965
93194
31575
90432
20166
70300
26261
91885
90818
94818
81053
74855
96188
19237
75030
84125
90152
54323
41024
73246
19297
13032
60436
35581
38681
40024
56330
63844
90667
64092
66196
97298
53580
6999
1256
71347
98624
9476
81851
33690
53769
9438
8072
56925
45147
41835
51791
74125
39595
33510
63035
48241
93541
96456
75804
29342
60828
72018
59603
41749
87036
36153
28748
98073
39291
13358
32453
76235
18094
30473
67981
69636
84409
23057
19240
25230
4318
72907
94255
36319
1079
48925
4244
78547
51358
9630
69091
95270
10441
88156
57700
25547
45587
44201
46428
70379
11221
15938
6067
13661
40180
26589
22225
28510
54548
45583
58146
91758
36171
95896
87321
22055
14864
52940
86032
83002
55281
11710
68653
82056
86148
44074
70752
11289
73333
86080
10888
39965
20511
22056
41590
86909
68310
12758
85962
49565
64736
7372
24857
36464
62116
56390
31952
2936
88634
62502
62002
86392
6626
32284
13949
27768
97457
11666
34059
3221
27430
23378
7637
14626
99899
82004
7985
70175
66327
27239
89788
19924
59584
67195
29394
78538
71214
79305
58586
67366
51162
78336
48223
42691
63861
97261
25785
63307
16245
82918
63179
20721
57738
53267
71941
13422
14671
98105
59689
58007
13980
95460
76746
54071
79801
70993
56721
79950
32044
89013
44634
10662
17747
97614
91643
38925
90798
7940
46916
90484
62899
9914
94529
44931
96421
23383
68797
630
51006
85580
21953
99000
48681
65122
14010
80507
70733
84993
98297
43250
60900
27071
8723
53643
55178
45571
67561
83147
23600
56597
49570
41959
38127
42948
88628
24861
34522
64275
53249
25998
87341
68545
52254
49912
44162
83315
9679
19539
40194
63264
97038
74344
27736
78554
58091
36553
25761
86132
97037
38449
65728
46196
76855
68633
44142
86550
39654
26964
45582
15834
42198
37032
68543
29707
99
15914
87978
14093
3565
39316
74683
24226
7893
74117
31021
90329
81893
39573
96286
31348
95244
42963
67106
62965
51079
23358
64083
22820
67771
93244
30821
69407
81022
66778
30392
95199
95733
60321
50631
65347
59320
97329
88541
76059
73714
11389
83303
99826
30373
66082
78884
49977
72458
6725
16762
85804
87030
39401
49058
18084
50488
59177
27715
89432
19806
57144
61468
87568
15224
33170
86235
19656
16084
62047
13259
34718
94728
41060
76362
41272
